Correct 
0.1 0.1 0.1 0 9.33431e+015 0
0.1 0.1 0.2 0 9.33431e+015 0
0.1 0.1 0.3 0 9.33431e+015 0
0.1 0.1 0.4 0 9.33431e+015 0
0.1 0.1 0.5 0 9.33431e+015 0
0.1 0.1 0.6 0 9.33431e+015 0
0.1 0.1 0.7 0 9.33431e+015 0
0.1 0.1 0.8 0 9.33431e+015 0
0.1 0.1 0.9 0 9.33431e+015 0
0.1 0.2 0.1 0 3.73372e+016 0
0.1 0.2 0.2 0 3.73372e+016 0
0.1 0.2 0.3 0 3.73372e+016 0
0.1 0.2 0.4 0 3.73372e+016 0
0.1 0.2 0.5 0 3.73372e+016 0
0.1 0.2 0.6 0 3.73372e+016 0
0.1 0.2 0.7 0 3.73372e+016 0
0.1 0.2 0.8 0 3.73372e+016 0
0.1 0.2 0.9 0 3.73372e+016 0
0.1 0.3 0.1 0 8.40088e+016 0
0.1 0.3 0.2 0 8.40088e+016 0
0.1 0.3 0.3 0 8.40088e+016 0
0.1 0.3 0.4 0 8.40088e+016 0
0.1 0.3 0.5 0 8.40088e+016 0
0.1 0.3 0.6 0 8.40088e+016 0
0.1 0.3 0.7 0 8.40088e+016 0
0.1 0.3 0.8 0 8.40088e+016 0
0.1 0.3 0.9 0 8.40088e+016 0
0.1 0.4 0.1 0 1.49349e+017 0
0.1 0.4 0.2 0 1.49349e+017 0
0.1 0.4 0.3 0 1.49349e+017 0
0.1 0.4 0.4 0 1.49349e+017 0
0.1 0.4 0.5 0 1.49349e+017 0
0.1 0.4 0.6 0 1.49349e+017 0
0.1 0.4 0.7 0 1.49349e+017 0
0.1 0.4 0.8 0 1.49349e+017 0
0.1 0.4 0.9 0 1.49349e+017 0
0.1 0.5 0.1 0 2.33358e+017 0
0.1 0.5 0.2 0 2.33358e+017 0
0.1 0.5 0.3 0 2.33358e+017 0
0.1 0.5 0.4 0 2.33358e+017 0
0.1 0.5 0.5 0 2.33358e+017 0
0.1 0.5 0.6 0 2.33358e+017 0
0.1 0.5 0.7 0 2.33358e+017 0
0.1 0.5 0.8 0 2.33358e+017 0
0.1 0.5 0.9 0 2.33358e+017 0
0.1 0.6 0.1 0 3.36035e+017 0
0.1 0.6 0.2 0 3.36035e+017 0
0.1 0.6 0.3 0 3.36035e+017 0
0.1 0.6 0.4 0 3.36035e+017 0
0.1 0.6 0.5 0 3.36035e+017 0
0.1 0.6 0.6 0 3.36035e+017 0
0.1 0.6 0.7 0 3.36035e+017 0
0.1 0.6 0.8 0 3.36035e+017 0
0.1 0.6 0.9 0 3.36035e+017 0
0.1 0.7 0.1 0 4.57381e+017 0
0.1 0.7 0.2 0 4.57381e+017 0
0.1 0.7 0.3 0 4.57381e+017 0
0.1 0.7 0.4 0 4.57381e+017 0
0.1 0.7 0.5 0 4.57381e+017 0
0.1 0.7 0.6 0 4.57381e+017 0
0.1 0.7 0.7 0 4.57381e+017 0
0.1 0.7 0.8 0 4.57381e+017 0
0.1 0.7 0.9 0 4.57381e+017 0
0.1 0.8 0.1 0 5.97396e+017 0
0.1 0.8 0.2 0 5.97396e+017 0
0.1 0.8 0.3 0 5.97396e+017 0
0.1 0.8 0.4 0 5.97396e+017 0
0.1 0.8 0.5 0 5.97396e+017 0
0.1 0.8 0.6 0 5.97396e+017 0
0.1 0.8 0.7 0 5.97396e+017 0
0.1 0.8 0.8 0 5.97396e+017 0
0.1 0.8 0.9 0 5.97396e+017 0
0.1 0.9 0.1 0 7.56079e+017 0
0.1 0.9 0.2 0 7.56079e+017 0
0.1 0.9 0.3 0 7.56079e+017 0
0.1 0.9 0.4 0 7.56079e+017 0
0.1 0.9 0.5 0 7.56079e+017 0
0.1 0.9 0.6 0 7.56079e+017 0
0.1 0.9 0.7 0 7.56079e+017 0
0.1 0.9 0.8 0 7.56079e+017 0
0.1 0.9 0.9 0 7.56079e+017 0
0.2 0.1 0.1 0 9.33431e+015 0
0.2 0.1 0.2 0 9.33431e+015 0
0.2 0.1 0.3 0 9.33431e+015 0
0.2 0.1 0.4 0 9.33431e+015 0
0.2 0.1 0.5 0 9.33431e+015 0
0.2 0.1 0.6 0 9.33431e+015 0
0.2 0.1 0.7 0 9.33431e+015 0
0.2 0.1 0.8 0 9.33431e+015 0
0.2 0.1 0.9 0 9.33431e+015 0
0.2 0.2 0.1 0 3.73372e+016 0
0.2 0.2 0.2 0 3.73372e+016 0
0.2 0.2 0.3 0 3.73372e+016 0
0.2 0.2 0.4 0 3.73372e+016 0
0.2 0.2 0.5 0 3.73372e+016 0
0.2 0.2 0.6 0 3.73372e+016 0
0.2 0.2 0.7 0 3.73372e+016 0
0.2 0.2 0.8 0 3.73372e+016 0
0.2 0.2 0.9 0 3.73372e+016 0
0.2 0.3 0.1 0 8.40088e+016 0
0.2 0.3 0.2 0 8.40088e+016 0
0.2 0.3 0.3 0 8.40088e+016 0
0.2 0.3 0.4 0 8.40088e+016 0
0.2 0.3 0.5 0 8.40088e+016 0
0.2 0.3 0.6 0 8.40088e+016 0
0.2 0.3 0.7 0 8.40088e+016 0
0.2 0.3 0.8 0 8.40088e+016 0
0.2 0.3 0.9 0 8.40088e+016 0
0.2 0.4 0.1 0 1.49349e+017 0
0.2 0.4 0.2 0 1.49349e+017 0
0.2 0.4 0.3 0 1.49349e+017 0
0.2 0.4 0.4 0 1.49349e+017 0
0.2 0.4 0.5 0 1.49349e+017 0
0.2 0.4 0.6 0 1.49349e+017 0
0.2 0.4 0.7 0 1.49349e+017 0
0.2 0.4 0.8 0 1.49349e+017 0
0.2 0.4 0.9 0 1.49349e+017 0
0.2 0.5 0.1 0 2.33358e+017 0
0.2 0.5 0.2 0 2.33358e+017 0
0.2 0.5 0.3 0 2.33358e+017 0
0.2 0.5 0.4 0 2.33358e+017 0
0.2 0.5 0.5 0 2.33358e+017 0
0.2 0.5 0.6 0 2.33358e+017 0
0.2 0.5 0.7 0 2.33358e+017 0
0.2 0.5 0.8 0 2.33358e+017 0
0.2 0.5 0.9 0 2.33358e+017 0
0.2 0.6 0.1 0 3.36035e+017 0
0.2 0.6 0.2 0 3.36035e+017 0
0.2 0.6 0.3 0 3.36035e+017 0
0.2 0.6 0.4 0 3.36035e+017 0
0.2 0.6 0.5 0 3.36035e+017 0
0.2 0.6 0.6 0 3.36035e+017 0
0.2 0.6 0.7 0 3.36035e+017 0
0.2 0.6 0.8 0 3.36035e+017 0
0.2 0.6 0.9 0 3.36035e+017 0
0.2 0.7 0.1 0 4.57381e+017 0
0.2 0.7 0.2 0 4.57381e+017 0
0.2 0.7 0.3 0 4.57381e+017 0
0.2 0.7 0.4 0 4.57381e+017 0
0.2 0.7 0.5 0 4.57381e+017 0
0.2 0.7 0.6 0 4.57381e+017 0
0.2 0.7 0.7 0 4.57381e+017 0
0.2 0.7 0.8 0 4.57381e+017 0
0.2 0.7 0.9 0 4.57381e+017 0
0.2 0.8 0.1 0 5.97396e+017 0
0.2 0.8 0.2 0 5.97396e+017 0
0.2 0.8 0.3 0 5.97396e+017 0
0.2 0.8 0.4 0 5.97396e+017 0
0.2 0.8 0.5 0 5.97396e+017 0
0.2 0.8 0.6 0 5.97396e+017 0
0.2 0.8 0.7 0 5.97396e+017 0
0.2 0.8 0.8 0 5.97396e+017 0
0.2 0.8 0.9 0 5.97396e+017 0
0.2 0.9 0.1 0 7.56079e+017 0
0.2 0.9 0.2 0 7.56079e+017 0
0.2 0.9 0.3 0 7.56079e+017 0
0.2 0.9 0.4 0 7.56079e+017 0
0.2 0.9 0.5 0 7.56079e+017 0
0.2 0.9 0.6 0 7.56079e+017 0
0.2 0.9 0.7 0 7.56079e+017 0
0.2 0.9 0.8 0 7.56079e+017 0
0.2 0.9 0.9 0 7.56079e+017 0
0.3 0.1 0.1 0 9.3343e+015 0
0.3 0.1 0.2 0 9.3343e+015 0
0.3 0.1 0.3 0 9.3343e+015 0
0.3 0.1 0.4 0 9.3343e+015 0
0.3 0.1 0.5 0 9.3343e+015 0
0.3 0.1 0.6 0 9.3343e+015 0
0.3 0.1 0.7 0 9.3343e+015 0
0.3 0.1 0.8 0 9.3343e+015 0
0.3 0.1 0.9 0 9.3343e+015 0
0.3 0.2 0.1 0 3.73372e+016 0
0.3 0.2 0.2 0 3.73372e+016 0
0.3 0.2 0.3 0 3.73372e+016 0
0.3 0.2 0.4 0 3.73372e+016 0
0.3 0.2 0.5 0 3.73372e+016 0
0.3 0.2 0.6 0 3.73372e+016 0
0.3 0.2 0.7 0 3.73372e+016 0
0.3 0.2 0.8 0 3.73372e+016 0
0.3 0.2 0.9 0 3.73372e+016 0
0.3 0.3 0.1 0 8.40087e+016 0
0.3 0.3 0.2 0 8.40088e+016 0
0.3 0.3 0.3 0 8.40088e+016 0
0.3 0.3 0.4 0 8.40088e+016 0
0.3 0.3 0.5 0 8.40088e+016 0
0.3 0.3 0.6 0 8.40088e+016 0
0.3 0.3 0.7 0 8.40088e+016 0
0.3 0.3 0.8 0 8.40088e+016 0
0.3 0.3 0.9 0 8.40088e+016 0
0.3 0.4 0.1 0 1.49349e+017 0
0.3 0.4 0.2 0 1.49349e+017 0
0.3 0.4 0.3 0 1.49349e+017 0
0.3 0.4 0.4 0 1.49349e+017 0
0.3 0.4 0.5 0 1.49349e+017 0
0.3 0.4 0.6 0 1.49349e+017 0
0.3 0.4 0.7 0 1.49349e+017 0
0.3 0.4 0.8 0 1.49349e+017 0
0.3 0.4 0.9 0 1.49349e+017 0
0.3 0.5 0.1 0 2.33358e+017 0
0.3 0.5 0.2 0 2.33358e+017 0
0.3 0.5 0.3 0 2.33358e+017 0
0.3 0.5 0.4 0 2.33358e+017 0
0.3 0.5 0.5 0 2.33358e+017 0
0.3 0.5 0.6 0 2.33358e+017 0
0.3 0.5 0.7 0 2.33358e+017 0
0.3 0.5 0.8 0 2.33358e+017 0
0.3 0.5 0.9 0 2.33358e+017 0
0.3 0.6 0.1 0 3.36035e+017 0
0.3 0.6 0.2 0 3.36035e+017 0
0.3 0.6 0.3 0 3.36035e+017 0
0.3 0.6 0.4 0 3.36035e+017 0
0.3 0.6 0.5 0 3.36035e+017 0
0.3 0.6 0.6 0 3.36035e+017 0
0.3 0.6 0.7 0 3.36035e+017 0
0.3 0.6 0.8 0 3.36035e+017 0
0.3 0.6 0.9 0 3.36035e+017 0
0.3 0.7 0.1 0 4.57381e+017 0
0.3 0.7 0.2 0 4.57381e+017 0
0.3 0.7 0.3 0 4.57381e+017 0
0.3 0.7 0.4 0 4.57381e+017 0
0.3 0.7 0.5 0 4.57381e+017 0
0.3 0.7 0.6 0 4.57381e+017 0
0.3 0.7 0.7 0 4.57381e+017 0
0.3 0.7 0.8 0 4.57381e+017 0
0.3 0.7 0.9 0 4.57381e+017 0
0.3 0.8 0.1 0 5.97396e+017 0
0.3 0.8 0.2 0 5.97396e+017 0
0.3 0.8 0.3 0 5.97396e+017 0
0.3 0.8 0.4 0 5.97396e+017 0
0.3 0.8 0.5 0 5.97396e+017 0
0.3 0.8 0.6 0 5.97396e+017 0
0.3 0.8 0.7 0 5.97396e+017 0
0.3 0.8 0.8 0 5.97396e+017 0
0.3 0.8 0.9 0 5.97396e+017 0
0.3 0.9 0.1 0 7.56079e+017 0
0.3 0.9 0.2 0 7.56079e+017 0
0.3 0.9 0.3 0 7.56079e+017 0
0.3 0.9 0.4 0 7.56079e+017 0
0.3 0.9 0.5 0 7.56079e+017 0
0.3 0.9 0.6 0 7.56079e+017 0
0.3 0.9 0.7 0 7.56079e+017 0
0.3 0.9 0.8 0 7.56079e+017 0
0.3 0.9 0.9 0 7.56079e+017 0
0.4 0.1 0.1 0 9.3343e+015 0
0.4 0.1 0.2 0 9.3343e+015 0
0.4 0.1 0.3 0 9.3343e+015 0
0.4 0.1 0.4 0 9.3343e+015 0
0.4 0.1 0.5 0 9.3343e+015 0
0.4 0.1 0.6 0 9.3343e+015 0
0.4 0.1 0.7 0 9.3343e+015 0
0.4 0.1 0.8 0 9.3343e+015 0
0.4 0.1 0.9 0 9.3343e+015 0
0.4 0.2 0.1 0 3.73372e+016 0
0.4 0.2 0.2 0 3.73372e+016 0
0.4 0.2 0.3 0 3.73372e+016 0
0.4 0.2 0.4 0 3.73372e+016 0
0.4 0.2 0.5 0 3.73372e+016 0
0.4 0.2 0.6 0 3.73372e+016 0
0.4 0.2 0.7 0 3.73372e+016 0
0.4 0.2 0.8 0 3.73372e+016 0
0.4 0.2 0.9 0 3.73372e+016 0
0.4 0.3 0.1 0 8.40087e+016 0
0.4 0.3 0.2 0 8.40087e+016 0
0.4 0.3 0.3 0 8.40087e+016 0
0.4 0.3 0.4 0 8.40087e+016 0
0.4 0.3 0.5 0 8.40087e+016 0
0.4 0.3 0.6 0 8.40087e+016 0
0.4 0.3 0.7 0 8.40087e+016 0
0.4 0.3 0.8 0 8.40087e+016 0
0.4 0.3 0.9 0 8.40087e+016 0
0.4 0.4 0.1 0 1.49349e+017 0
0.4 0.4 0.2 0 1.49349e+017 0
0.4 0.4 0.3 0 1.49349e+017 0
0.4 0.4 0.4 0 1.49349e+017 0
0.4 0.4 0.5 0 1.49349e+017 0
0.4 0.4 0.6 0 1.49349e+017 0
0.4 0.4 0.7 0 1.49349e+017 0
0.4 0.4 0.8 0 1.49349e+017 0
0.4 0.4 0.9 0 1.49349e+017 0
0.4 0.5 0.1 0 2.33358e+017 0
0.4 0.5 0.2 0 2.33358e+017 0
0.4 0.5 0.3 0 2.33358e+017 0
0.4 0.5 0.4 0 2.33358e+017 0
0.4 0.5 0.5 0 2.33358e+017 0
0.4 0.5 0.6 0 2.33358e+017 0
0.4 0.5 0.7 0 2.33358e+017 0
0.4 0.5 0.8 0 2.33358e+017 0
0.4 0.5 0.9 0 2.33358e+017 0
0.4 0.6 0.1 0 3.36035e+017 0
0.4 0.6 0.2 0 3.36035e+017 0
0.4 0.6 0.3 0 3.36035e+017 0
0.4 0.6 0.4 0 3.36035e+017 0
0.4 0.6 0.5 0 3.36035e+017 0
0.4 0.6 0.6 0 3.36035e+017 0
0.4 0.6 0.7 0 3.36035e+017 0
0.4 0.6 0.8 0 3.36035e+017 0
0.4 0.6 0.9 0 3.36035e+017 0
0.4 0.7 0.1 0 4.57381e+017 0
0.4 0.7 0.2 0 4.57381e+017 0
0.4 0.7 0.3 0 4.57381e+017 0
0.4 0.7 0.4 0 4.57381e+017 0
0.4 0.7 0.5 0 4.57381e+017 0
0.4 0.7 0.6 0 4.57381e+017 0
0.4 0.7 0.7 0 4.57381e+017 0
0.4 0.7 0.8 0 4.57381e+017 0
0.4 0.7 0.9 0 4.57381e+017 0
0.4 0.8 0.1 0 5.97396e+017 0
0.4 0.8 0.2 0 5.97396e+017 0
0.4 0.8 0.3 0 5.97396e+017 0
0.4 0.8 0.4 0 5.97396e+017 0
0.4 0.8 0.5 0 5.97396e+017 0
0.4 0.8 0.6 0 5.97396e+017 0
0.4 0.8 0.7 0 5.97396e+017 0
0.4 0.8 0.8 0 5.97396e+017 0
0.4 0.8 0.9 0 5.97396e+017 0
0.4 0.9 0.1 0 7.56079e+017 0
0.4 0.9 0.2 0 7.56079e+017 0
0.4 0.9 0.3 0 7.56079e+017 0
0.4 0.9 0.4 0 7.56079e+017 0
0.4 0.9 0.5 0 7.56079e+017 0
0.4 0.9 0.6 0 7.56079e+017 0
0.4 0.9 0.7 0 7.56079e+017 0
0.4 0.9 0.8 0 7.56079e+017 0
0.4 0.9 0.9 0 7.56079e+017 0
0.5 0.1 0.1 0 9.3343e+015 0
0.5 0.1 0.2 0 9.3343e+015 0
0.5 0.1 0.3 0 9.3343e+015 0
0.5 0.1 0.4 0 9.3343e+015 0
0.5 0.1 0.5 0 9.3343e+015 0
0.5 0.1 0.6 0 9.3343e+015 0
0.5 0.1 0.7 0 9.3343e+015 0
0.5 0.1 0.8 0 9.3343e+015 0
0.5 0.1 0.9 0 9.3343e+015 0
0.5 0.2 0.1 0 3.73372e+016 0
0.5 0.2 0.2 0 3.73372e+016 0
0.5 0.2 0.3 0 3.73372e+016 0
0.5 0.2 0.4 0 3.73372e+016 0
0.5 0.2 0.5 0 3.73372e+016 0
0.5 0.2 0.6 0 3.73372e+016 0
0.5 0.2 0.7 0 3.73372e+016 0
0.5 0.2 0.8 0 3.73372e+016 0
0.5 0.2 0.9 0 3.73372e+016 0
0.5 0.3 0.1 0 8.40088e+016 0
0.5 0.3 0.2 0 8.40088e+016 0
0.5 0.3 0.3 0 8.40088e+016 0
0.5 0.3 0.4 0 8.40088e+016 0
0.5 0.3 0.5 0 8.40088e+016 0
0.5 0.3 0.6 0 8.40088e+016 0
0.5 0.3 0.7 0 8.40088e+016 0
0.5 0.3 0.8 0 8.40088e+016 0
0.5 0.3 0.9 0 8.40088e+016 0
0.5 0.4 0.1 0 1.49349e+017 0
0.5 0.4 0.2 0 1.49349e+017 0
0.5 0.4 0.3 0 1.49349e+017 0
0.5 0.4 0.4 0 1.49349e+017 0
0.5 0.4 0.5 0 1.49349e+017 0
0.5 0.4 0.6 0 1.49349e+017 0
0.5 0.4 0.7 0 1.49349e+017 0
0.5 0.4 0.8 0 1.49349e+017 0
0.5 0.4 0.9 0 1.49349e+017 0
0.5 0.5 0.1 0 2.33358e+017 0
0.5 0.5 0.2 0 2.33358e+017 0
0.5 0.5 0.3 0 2.33358e+017 0
0.5 0.5 0.4 0 2.33358e+017 0
0.5 0.5 0.5 0 2.33358e+017 0
0.5 0.5 0.6 0 2.33358e+017 0
0.5 0.5 0.7 0 2.33358e+017 0
0.5 0.5 0.8 0 2.33358e+017 0
0.5 0.5 0.9 0 2.33358e+017 0
0.5 0.6 0.1 0 3.36035e+017 0
0.5 0.6 0.2 0 3.36035e+017 0
0.5 0.6 0.3 0 3.36035e+017 0
0.5 0.6 0.4 0 3.36035e+017 0
0.5 0.6 0.5 0 3.36035e+017 0
0.5 0.6 0.6 0 3.36035e+017 0
0.5 0.6 0.7 0 3.36035e+017 0
0.5 0.6 0.8 0 3.36035e+017 0
0.5 0.6 0.9 0 3.36035e+017 0
0.5 0.7 0.1 0 4.57381e+017 0
0.5 0.7 0.2 0 4.57381e+017 0
0.5 0.7 0.3 0 4.57381e+017 0
0.5 0.7 0.4 0 4.57381e+017 0
0.5 0.7 0.5 0 4.57381e+017 0
0.5 0.7 0.6 0 4.57381e+017 0
0.5 0.7 0.7 0 4.57381e+017 0
0.5 0.7 0.8 0 4.57381e+017 0
0.5 0.7 0.9 0 4.57381e+017 0
0.5 0.8 0.1 0 5.97396e+017 0
0.5 0.8 0.2 0 5.97396e+017 0
0.5 0.8 0.3 0 5.97396e+017 0
0.5 0.8 0.4 0 5.97396e+017 0
0.5 0.8 0.5 0 5.97396e+017 0
0.5 0.8 0.6 0 5.97396e+017 0
0.5 0.8 0.7 0 5.97396e+017 0
0.5 0.8 0.8 0 5.97396e+017 0
0.5 0.8 0.9 0 5.97396e+017 0
0.5 0.9 0.1 0 7.56079e+017 0
0.5 0.9 0.2 0 7.56079e+017 0
0.5 0.9 0.3 0 7.56079e+017 0
0.5 0.9 0.4 0 7.56079e+017 0
0.5 0.9 0.5 0 7.56079e+017 0
0.5 0.9 0.6 0 7.56079e+017 0
0.5 0.9 0.7 0 7.56079e+017 0
0.5 0.9 0.8 0 7.56079e+017 0
0.5 0.9 0.9 0 7.56079e+017 0
0.6 0.1 0.1 0 9.33431e+015 0
0.6 0.1 0.2 0 9.33431e+015 0
0.6 0.1 0.3 0 9.33431e+015 0
0.6 0.1 0.4 0 9.3343e+015 0
0.6 0.1 0.5 0 9.3343e+015 0
0.6 0.1 0.6 0 9.3343e+015 0
0.6 0.1 0.7 0 9.3343e+015 0
0.6 0.1 0.8 0 9.3343e+015 0
0.6 0.1 0.9 0 9.3343e+015 0
0.6 0.2 0.1 0 3.73372e+016 0
0.6 0.2 0.2 0 3.73372e+016 0
0.6 0.2 0.3 0 3.73372e+016 0
0.6 0.2 0.4 0 3.73372e+016 0
0.6 0.2 0.5 0 3.73372e+016 0
0.6 0.2 0.6 0 3.73372e+016 0
0.6 0.2 0.7 0 3.73372e+016 0
0.6 0.2 0.8 0 3.73372e+016 0
0.6 0.2 0.9 0 3.73372e+016 0
0.6 0.3 0.1 0 8.40088e+016 0
0.6 0.3 0.2 0 8.40088e+016 0
0.6 0.3 0.3 0 8.40088e+016 0
0.6 0.3 0.4 0 8.40088e+016 0
0.6 0.3 0.5 0 8.40088e+016 0
0.6 0.3 0.6 0 8.40088e+016 0
0.6 0.3 0.7 0 8.40088e+016 0
0.6 0.3 0.8 0 8.40088e+016 0
0.6 0.3 0.9 0 8.40088e+016 0
0.6 0.4 0.1 0 1.49349e+017 0
0.6 0.4 0.2 0 1.49349e+017 0
0.6 0.4 0.3 0 1.49349e+017 0
0.6 0.4 0.4 0 1.49349e+017 0
0.6 0.4 0.5 0 1.49349e+017 0
0.6 0.4 0.6 0 1.49349e+017 0
0.6 0.4 0.7 0 1.49349e+017 0
0.6 0.4 0.8 0 1.49349e+017 0
0.6 0.4 0.9 0 1.49349e+017 0
0.6 0.5 0.1 0 2.33358e+017 0
0.6 0.5 0.2 0 2.33358e+017 0
0.6 0.5 0.3 0 2.33358e+017 0
0.6 0.5 0.4 0 2.33358e+017 0
0.6 0.5 0.5 0 2.33358e+017 0
0.6 0.5 0.6 0 2.33358e+017 0
0.6 0.5 0.7 0 2.33358e+017 0
0.6 0.5 0.8 0 2.33358e+017 0
0.6 0.5 0.9 0 2.33358e+017 0
0.6 0.6 0.1 0 3.36035e+017 0
0.6 0.6 0.2 0 3.36035e+017 0
0.6 0.6 0.3 0 3.36035e+017 0
0.6 0.6 0.4 0 3.36035e+017 0
0.6 0.6 0.5 0 3.36035e+017 0
0.6 0.6 0.6 0 3.36035e+017 0
0.6 0.6 0.7 0 3.36035e+017 0
0.6 0.6 0.8 0 3.36035e+017 0
0.6 0.6 0.9 0 3.36035e+017 0
0.6 0.7 0.1 0 4.57381e+017 0
0.6 0.7 0.2 0 4.57381e+017 0
0.6 0.7 0.3 0 4.57381e+017 0
0.6 0.7 0.4 0 4.57381e+017 0
0.6 0.7 0.5 0 4.57381e+017 0
0.6 0.7 0.6 0 4.57381e+017 0
0.6 0.7 0.7 0 4.57381e+017 0
0.6 0.7 0.8 0 4.57381e+017 0
0.6 0.7 0.9 0 4.57381e+017 0
0.6 0.8 0.1 0 5.97396e+017 0
0.6 0.8 0.2 0 5.97396e+017 0
0.6 0.8 0.3 0 5.97396e+017 0
0.6 0.8 0.4 0 5.97396e+017 0
0.6 0.8 0.5 0 5.97396e+017 0
0.6 0.8 0.6 0 5.97396e+017 0
0.6 0.8 0.7 0 5.97396e+017 0
0.6 0.8 0.8 0 5.97396e+017 0
0.6 0.8 0.9 0 5.97396e+017 0
0.6 0.9 0.1 0 7.56079e+017 0
0.6 0.9 0.2 0 7.56079e+017 0
0.6 0.9 0.3 0 7.56079e+017 0
0.6 0.9 0.4 0 7.56079e+017 0
0.6 0.9 0.5 0 7.56079e+017 0
0.6 0.9 0.6 0 7.56079e+017 0
0.6 0.9 0.7 0 7.56079e+017 0
0.6 0.9 0.8 0 7.56079e+017 0
0.6 0.9 0.9 0 7.56079e+017 0
0.7 0.1 0.1 0 9.3343e+015 0
0.7 0.1 0.2 0 9.33431e+015 0
0.7 0.1 0.3 0 9.33431e+015 0
0.7 0.1 0.4 0 9.33431e+015 0
0.7 0.1 0.5 0 9.3343e+015 0
0.7 0.1 0.6 0 9.3343e+015 0
0.7 0.1 0.7 0 9.3343e+015 0
0.7 0.1 0.8 0 9.3343e+015 0
0.7 0.1 0.9 0 9.3343e+015 0
0.7 0.2 0.1 0 3.73372e+016 0
0.7 0.2 0.2 0 3.73372e+016 0
0.7 0.2 0.3 0 3.73372e+016 0
0.7 0.2 0.4 0 3.73372e+016 0
0.7 0.2 0.5 0 3.73372e+016 0
0.7 0.2 0.6 0 3.73372e+016 0
0.7 0.2 0.7 0 3.73372e+016 0
0.7 0.2 0.8 0 3.73372e+016 0
0.7 0.2 0.9 0 3.73372e+016 0
0.7 0.3 0.1 0 8.40087e+016 0
0.7 0.3 0.2 0 8.40088e+016 0
0.7 0.3 0.3 0 8.40088e+016 0
0.7 0.3 0.4 0 8.40088e+016 0
0.7 0.3 0.5 0 8.40088e+016 0
0.7 0.3 0.6 0 8.40088e+016 0
0.7 0.3 0.7 0 8.40088e+016 0
0.7 0.3 0.8 0 8.40088e+016 0
0.7 0.3 0.9 0 8.40088e+016 0
0.7 0.4 0.1 0 1.49349e+017 0
0.7 0.4 0.2 0 1.49349e+017 0
0.7 0.4 0.3 0 1.49349e+017 0
0.7 0.4 0.4 0 1.49349e+017 0
0.7 0.4 0.5 0 1.49349e+017 0
0.7 0.4 0.6 0 1.49349e+017 0
0.7 0.4 0.7 0 1.49349e+017 0
0.7 0.4 0.8 0 1.49349e+017 0
0.7 0.4 0.9 0 1.49349e+017 0
0.7 0.5 0.1 0 2.33358e+017 0
0.7 0.5 0.2 0 2.33358e+017 0
0.7 0.5 0.3 0 2.33358e+017 0
0.7 0.5 0.4 0 2.33358e+017 0
0.7 0.5 0.5 0 2.33358e+017 0
0.7 0.5 0.6 0 2.33358e+017 0
0.7 0.5 0.7 0 2.33358e+017 0
0.7 0.5 0.8 0 2.33358e+017 0
0.7 0.5 0.9 0 2.33358e+017 0
0.7 0.6 0.1 0 3.36035e+017 0
0.7 0.6 0.2 0 3.36035e+017 0
0.7 0.6 0.3 0 3.36035e+017 0
0.7 0.6 0.4 0 3.36035e+017 0
0.7 0.6 0.5 0 3.36035e+017 0
0.7 0.6 0.6 0 3.36035e+017 0
0.7 0.6 0.7 0 3.36035e+017 0
0.7 0.6 0.8 0 3.36035e+017 0
0.7 0.6 0.9 0 3.36035e+017 0
0.7 0.7 0.1 0 4.57381e+017 0
0.7 0.7 0.2 0 4.57381e+017 0
0.7 0.7 0.3 0 4.57381e+017 0
0.7 0.7 0.4 0 4.57381e+017 0
0.7 0.7 0.5 0 4.57381e+017 0
0.7 0.7 0.6 0 4.57381e+017 0
0.7 0.7 0.7 0 4.57381e+017 0
0.7 0.7 0.8 0 4.57381e+017 0
0.7 0.7 0.9 0 4.57381e+017 0
0.7 0.8 0.1 0 5.97396e+017 0
0.7 0.8 0.2 0 5.97396e+017 0
0.7 0.8 0.3 0 5.97396e+017 0
0.7 0.8 0.4 0 5.97396e+017 0
0.7 0.8 0.5 0 5.97396e+017 0
0.7 0.8 0.6 0 5.97396e+017 0
0.7 0.8 0.7 0 5.97396e+017 0
0.7 0.8 0.8 0 5.97396e+017 0
0.7 0.8 0.9 0 5.97396e+017 0
0.7 0.9 0.1 0 7.56079e+017 0
0.7 0.9 0.2 0 7.56079e+017 0
0.7 0.9 0.3 0 7.56079e+017 0
0.7 0.9 0.4 0 7.56079e+017 0
0.7 0.9 0.5 0 7.56079e+017 0
0.7 0.9 0.6 0 7.56079e+017 0
0.7 0.9 0.7 0 7.56079e+017 0
0.7 0.9 0.8 0 7.56079e+017 0
0.7 0.9 0.9 0 7.56079e+017 0
0.8 0.1 0.1 0 9.33429e+015 0
0.8 0.1 0.2 0 9.33429e+015 0
0.8 0.1 0.3 0 9.33429e+015 0
0.8 0.1 0.4 0 9.33429e+015 0
0.8 0.1 0.5 0 9.3343e+015 0
0.8 0.1 0.6 0 9.3343e+015 0
0.8 0.1 0.7 0 9.3343e+015 0
0.8 0.1 0.8 0 9.3343e+015 0
0.8 0.1 0.9 0 9.3343e+015 0
0.8 0.2 0.1 0 3.73372e+016 0
0.8 0.2 0.2 0 3.73372e+016 0
0.8 0.2 0.3 0 3.73372e+016 0
0.8 0.2 0.4 0 3.73372e+016 0
0.8 0.2 0.5 0 3.73372e+016 0
0.8 0.2 0.6 0 3.73372e+016 0
0.8 0.2 0.7 0 3.73372e+016 0
0.8 0.2 0.8 0 3.73372e+016 0
0.8 0.2 0.9 0 3.73372e+016 0
0.8 0.3 0.1 0 8.40087e+016 0
0.8 0.3 0.2 0 8.40087e+016 0
0.8 0.3 0.3 0 8.40087e+016 0
0.8 0.3 0.4 0 8.40087e+016 0
0.8 0.3 0.5 0 8.40087e+016 0
0.8 0.3 0.6 0 8.40087e+016 0
0.8 0.3 0.7 0 8.40087e+016 0
0.8 0.3 0.8 0 8.40087e+016 0
0.8 0.3 0.9 0 8.40087e+016 0
0.8 0.4 0.1 0 1.49349e+017 0
0.8 0.4 0.2 0 1.49349e+017 0
0.8 0.4 0.3 0 1.49349e+017 0
0.8 0.4 0.4 0 1.49349e+017 0
0.8 0.4 0.5 0 1.49349e+017 0
0.8 0.4 0.6 0 1.49349e+017 0
0.8 0.4 0.7 0 1.49349e+017 0
0.8 0.4 0.8 0 1.49349e+017 0
0.8 0.4 0.9 0 1.49349e+017 0
0.8 0.5 0.1 0 2.33358e+017 0
0.8 0.5 0.2 0 2.33358e+017 0
0.8 0.5 0.3 0 2.33358e+017 0
0.8 0.5 0.4 0 2.33358e+017 0
0.8 0.5 0.5 0 2.33358e+017 0
0.8 0.5 0.6 0 2.33358e+017 0
0.8 0.5 0.7 0 2.33358e+017 0
0.8 0.5 0.8 0 2.33358e+017 0
0.8 0.5 0.9 0 2.33358e+017 0
0.8 0.6 0.1 0 3.36035e+017 0
0.8 0.6 0.2 0 3.36035e+017 0
0.8 0.6 0.3 0 3.36035e+017 0
0.8 0.6 0.4 0 3.36035e+017 0
0.8 0.6 0.5 0 3.36035e+017 0
0.8 0.6 0.6 0 3.36035e+017 0
0.8 0.6 0.7 0 3.36035e+017 0
0.8 0.6 0.8 0 3.36035e+017 0
0.8 0.6 0.9 0 3.36035e+017 0
0.8 0.7 0.1 0 4.57381e+017 0
0.8 0.7 0.2 0 4.57381e+017 0
0.8 0.7 0.3 0 4.57381e+017 0
0.8 0.7 0.4 0 4.57381e+017 0
0.8 0.7 0.5 0 4.57381e+017 0
0.8 0.7 0.6 0 4.57381e+017 0
0.8 0.7 0.7 0 4.57381e+017 0
0.8 0.7 0.8 0 4.57381e+017 0
0.8 0.7 0.9 0 4.57381e+017 0
0.8 0.8 0.1 0 5.97396e+017 0
0.8 0.8 0.2 0 5.97396e+017 0
0.8 0.8 0.3 0 5.97396e+017 0
0.8 0.8 0.4 0 5.97396e+017 0
0.8 0.8 0.5 0 5.97396e+017 0
0.8 0.8 0.6 0 5.97396e+017 0
0.8 0.8 0.7 0 5.97396e+017 0
0.8 0.8 0.8 0 5.97396e+017 0
0.8 0.8 0.9 0 5.97396e+017 0
0.8 0.9 0.1 0 7.56079e+017 0
0.8 0.9 0.2 0 7.56079e+017 0
0.8 0.9 0.3 0 7.56079e+017 0
0.8 0.9 0.4 0 7.56079e+017 0
0.8 0.9 0.5 0 7.56079e+017 0
0.8 0.9 0.6 0 7.56079e+017 0
0.8 0.9 0.7 0 7.56079e+017 0
0.8 0.9 0.8 0 7.56079e+017 0
0.8 0.9 0.9 0 7.56079e+017 0
0.9 0.1 0.1 0 9.3343e+015 0
0.9 0.1 0.2 0 9.3343e+015 0
0.9 0.1 0.3 0 9.3343e+015 0
0.9 0.1 0.4 0 9.3343e+015 0
0.9 0.1 0.5 0 9.33429e+015 0
0.9 0.1 0.6 0 9.33429e+015 0
0.9 0.1 0.7 0 9.33429e+015 0
0.9 0.1 0.8 0 9.33429e+015 0
0.9 0.1 0.9 0 9.33429e+015 0
0.9 0.2 0.1 0 3.73372e+016 0
0.9 0.2 0.2 0 3.73372e+016 0
0.9 0.2 0.3 0 3.73372e+016 0
0.9 0.2 0.4 0 3.73372e+016 0
0.9 0.2 0.5 0 3.73372e+016 0
0.9 0.2 0.6 0 3.73372e+016 0
0.9 0.2 0.7 0 3.73372e+016 0
0.9 0.2 0.8 0 3.73372e+016 0
0.9 0.2 0.9 0 3.73372e+016 0
0.9 0.3 0.1 0 8.40087e+016 0
0.9 0.3 0.2 0 8.40087e+016 0
0.9 0.3 0.3 0 8.40087e+016 0
0.9 0.3 0.4 0 8.40087e+016 0
0.9 0.3 0.5 0 8.40087e+016 0
0.9 0.3 0.6 0 8.40087e+016 0
0.9 0.3 0.7 0 8.40087e+016 0
0.9 0.3 0.8 0 8.40087e+016 0
0.9 0.3 0.9 0 8.40087e+016 0
0.9 0.4 0.1 0 1.49349e+017 0
0.9 0.4 0.2 0 1.49349e+017 0
0.9 0.4 0.3 0 1.49349e+017 0
0.9 0.4 0.4 0 1.49349e+017 0
0.9 0.4 0.5 0 1.49349e+017 0
0.9 0.4 0.6 0 1.49349e+017 0
0.9 0.4 0.7 0 1.49349e+017 0
0.9 0.4 0.8 0 1.49349e+017 0
0.9 0.4 0.9 0 1.49349e+017 0
0.9 0.5 0.1 0 2.33358e+017 0
0.9 0.5 0.2 0 2.33358e+017 0
0.9 0.5 0.3 0 2.33358e+017 0
0.9 0.5 0.4 0 2.33358e+017 0
0.9 0.5 0.5 0 2.33358e+017 0
0.9 0.5 0.6 0 2.33358e+017 0
0.9 0.5 0.7 0 2.33358e+017 0
0.9 0.5 0.8 0 2.33358e+017 0
0.9 0.5 0.9 0 2.33358e+017 0
0.9 0.6 0.1 0 3.36035e+017 0
0.9 0.6 0.2 0 3.36035e+017 0
0.9 0.6 0.3 0 3.36035e+017 0
0.9 0.6 0.4 0 3.36035e+017 0
0.9 0.6 0.5 0 3.36035e+017 0
0.9 0.6 0.6 0 3.36035e+017 0
0.9 0.6 0.7 0 3.36035e+017 0
0.9 0.6 0.8 0 3.36035e+017 0
0.9 0.6 0.9 0 3.36035e+017 0
0.9 0.7 0.1 0 4.57381e+017 0
0.9 0.7 0.2 0 4.57381e+017 0
0.9 0.7 0.3 0 4.57381e+017 0
0.9 0.7 0.4 0 4.57381e+017 0
0.9 0.7 0.5 0 4.57381e+017 0
0.9 0.7 0.6 0 4.57381e+017 0
0.9 0.7 0.7 0 4.57381e+017 0
0.9 0.7 0.8 0 4.57381e+017 0
0.9 0.7 0.9 0 4.57381e+017 0
0.9 0.8 0.1 0 5.97396e+017 0
0.9 0.8 0.2 0 5.97396e+017 0
0.9 0.8 0.3 0 5.97396e+017 0
0.9 0.8 0.4 0 5.97396e+017 0
0.9 0.8 0.5 0 5.97396e+017 0
0.9 0.8 0.6 0 5.97396e+017 0
0.9 0.8 0.7 0 5.97396e+017 0
0.9 0.8 0.8 0 5.97396e+017 0
0.9 0.8 0.9 0 5.97396e+017 0
0.9 0.9 0.1 0 7.56079e+017 0
0.9 0.9 0.2 0 7.56079e+017 0
0.9 0.9 0.3 0 7.56079e+017 0
0.9 0.9 0.4 0 7.56079e+017 0
0.9 0.9 0.5 0 7.56079e+017 0
0.9 0.9 0.6 0 7.56079e+017 0
0.9 0.9 0.7 0 7.56079e+017 0
0.9 0.9 0.8 0 7.56079e+017 0
0.9 0.9 0.9 0 7.56079e+017 0
