0 0.885034175070484 0.19297109134168 2,5,10
1 0.208647599540952 0.633094675668094 12,17
2 0.300726395240392 0.714391787869107 10,12,0
3 0.192365320023319 0.887896302103948 17
4 0.0994618265421418 0.367340014952859 15,9,16
5 0.415182016051925 0.117430153357531 0,10,18
6 0.216678293988425 0.551482956181971 12,7
7 0.70711171613406 0.0971365622697103 18,6,9
8 0.674144394078359 0.399033769685325 16,17
9 0.529236910179833 0.699469356192029 7,4,15,17
10 0.483444022239858 0.547801749104542 0,2,5,14
11 0.638833938929641 0.947060389885241 17
12 0.886824879742612 0.419802606766952 14,1,2,6
13 0.990475824563986 0.818973755379661 14
14 0.477273663262498 0.886721774882973 10,12,13
15 0.985888058313116 0.54873908616078 9,4
16 0.453441494821311 0.522985406929155 4,8
17 0.780085926307405 0.215942191526267 3,9,1,8,11
18 0.170854748306263 0.208503306940432 5,7,19
19 0.808982399203341 0.210311682527099 18

0 0.60988644306077 0.582926947894938 16,14
1 0.745473880202264 0.235140079741897 4,6,7,12
2 0.522867025119656 0.971067914725779 7,18
3 0.459435900887212 0.450824084435973 18
4 0.375143910001565 0.78523254244832 10,1
5 0.329059602845954 0.831300995699736 18,15
6 0.452973571351251 0.836594421806091 12,1,16
7 0.0234228856970663 0.302064424986981 1,2
8 0.93885264310001 0.60508290659873 12,10
9 0.77751152672689 0.866452257552395 11
10 0.903424141883582 0.239290818217812 8,4
11 0.816664718937438 0.749067406053221 16,9,13,19
12 0.339711506543547 0.433838489201776 1,6,8,17
13 0.686012217163114 0.104529791560271 11,17
14 0.475039969885275 0.817447900687087 18,0
15 0.69320628684629 0.49944413942259 16,5
16 0.520583257787201 0.845741177837244 6,0,11,15
17 0.597632383274675 0.918780284895925 13,12
18 0.089768784628142 0.643194081561265 2,14,3,5
19 0.374769488989734 0.366244918837326 11

0 0.876985284908202 0.132619030369734 16,13
1 0.351215561549745 0.492158770324736 19
2 0.084285749161749 0.52053905395816 4,14,9,15,17
3 0.519103424399674 0.601298836805531 4,12,9,16,18
4 0.421300004432583 0.0384079194806553 10,7,2,3,11,17
5 0.0259474003808328 0.502597281943354 18,13
6 0.542823238085407 0.706086640109348 11,10,12,19
7 0.668734845551073 0.413606030593443 15,13,4,12,19
8 0.876360664552246 0.686260406247461 18
9 0.149948638468026 0.637568757234872 3,2
10 0.391714654579626 0.34992210583292 6,4,15
11 0.566965780019279 0.475422017032011 18,4,6
12 0.753378290568189 0.370686429725348 7,6,3
13 0.187117001128903 0.558095902464397 5,0,7
14 0.951909493632572 0.854175623438403 16,2
15 0.915426829324768 0.668034816006215 2,10,7
16 0.88845928101263 0.19863734869223 3,17,0,14
17 0.110882627363728 0.814176454587922 4,2,16
18 0.602838326060604 0.809943826314967 3,5,8,11
19 0.421331775105247 0.937387254059961 7,6,1

0 0.349416332482089 0.541416927958567 16
1 0.239484381507842 0.282978724354403 10,7,13,18
2 0.415491065669568 0.898930964013064 12,8,4,18
3 0.352733055759563 0.554740941875959 11,9,6
4 0.220842942232659 0.372940546540981 7,2
5 0.403187080008531 0.141965667317605 12,8,14
6 0.673505483508811 0.305753444463831 3
7 0.814149523533019 0.164371437004009 16,1,4
8 0.843335189783636 0.953256020300675 10,5,2,12
9 0.412966773106235 0.796414277421504 13,3
10 0.172816230995961 0.292632786227685 12,14,1,8,19
11 0.381642902447676 0.0252313702484739 18,3
12 0.601292640716439 0.14479056054018 8,2,5,10,15,16
13 0.0975187141902366 0.15259303206233 16,1,9
14 0.43745149040476 0.737295639113195 16,5,10
15 0.00569070270550004 0.739695364488147 12,17
16 0.705063145004708 0.0786992619180583 12,0,7,13,14,17
17 0.874666229763378 0.73354702896138 16,15
18 0.0717649730256596 0.583303779635254 2,1,11
19 0.879681454915405 0.56307879628757 10

0 0.418053140127125 0.855737306110439 10,11,14
1 0.447811598166736 0.321714779977554 10
2 0.924130681401179 0.349838159209973 16,3,12,19
3 0.862045145995005 0.866902744335543 2,8,17
4 0.855768806699556 0.266135722057026 7,13,10
5 0.128369277868592 0.314840125997942 15,11
6 0.507948213493427 0.841054817587628 13,18,16
7 0.703706911627067 0.803438910191617 8,4
8 0.746751025201171 0.422132496452952 12,3,7
9 0.0134421386818598 0.24124930298014 16
10 0.619311277111672 0.811905827751339 4,14,0,1,13,17
11 0.817242101681066 0.986526377027168 0,5
12 0.657673321970586 0.152240516223125 14,2,8,18
13 0.378487890762504 0.673146884736208 10,18,4,6
14 0.232618322704275 0.406541542339391 0,10,12,15
15 0.668659713430637 0.429408963969633 14,5
16 0.268440702123773 0.224881142948233 6,2,9
17 0.0222974429010867 0.88231867313493 10,3
18 0.564944886399873 0.791547178193716 12,6,13
19 0.0661440971615464 0.919383968654733 2

0 0.0411449163412419 0.711175660933915 5,4,8,10
1 0.781700156527432 0.957740779015115 14
2 0.469769400297557 0.576798024855926 9,15
3 0.979976532040153 0.541060113600018 15,14
4 0.258781295855893 0.356927559411585 0,7,11
5 0.129943073322039 0.843999446297064 12,0
6 0.202628241014959 0.108201998336335 9
7 0.287637265067379 0.166474225542729 18,4,11,19
8 0.864785436943539 0.627514797089396 0
9 0.486740545596341 0.267140363933118 11,2,6
10 0.55252804260353 0.305520648279004 0,16,17,18
11 0.195883117707392 0.0238847727998555 4,7,9,13
12 0.709216537749961 0.120352463387117 15,5,13
13 0.911201843019203 0.867176214636851 12,11
14 0.84953878067878 0.177456183907323 3,1
15 0.410323799313197 0.725612161087623 2,18,3,12
16 0.56875876829436 0.771818006770601 17,10
17 0.991231479677945 0.7743563203953 10,18,16
18 0.622278234745505 0.00674512330756761 10,7,15,17
19 0.255121093362161 0.93205325348864 7

0 0.552861982748314 0.0733640031299386 17,4,5
1 0.795689300538827 0.907668630083869 17,18
2 0.350741753983657 0.370395907373352 11,8
3 0.080692022610778 0.110339456289233 9,10,7
4 0.839029523934717 0.588461322052619 0,9
5 0.333786812300695 0.328697416618791 0,11,6
6 0.765221555142301 0.65979190248055 5,19,13
7 0.358807050790082 0.0215273490275849 3,11,12
8 0.717701679895493 0.559870427269428 19,2
9 0.11428955808016 0.115669652407835 4,3,16
10 0.643281949052253 0.35134565660327 18,3
11 0.973977769247246 0.581867942857495 7,12,2,5,19
12 0.778343788244922 0.181579115885114 7,11
13 0.522359671780076 0.332896371527061 6,17
14 0.21576992478956 0.376616767317344 18
15 0.211869054106934 0.417251956377761 18
16 0.218094658673785 0.907285726120363 17,9
17 0.255613214455365 0.593450547006657 13,0,1,16
18 0.527705551370841 0.842527290267184 15,1,10,14
19 0.186160046693943 0.858822098867419 11,6,8

0 0.839948233142471 0.985528202255037 3,4,9,18
1 0.249435159493906 0.627176545852412 17,7
2 0.0469977990942997 0.0867020977133429 15,17
3 0.0608706753984423 0.36377328418371 17,14,0
4 0.304172024272462 0.925965901429749 5,0,8,16
5 0.836944204213537 0.80519082015622 13,17,4,11
6 0.137845965166504 0.1904567206234 12
7 0.631405791561774 0.57730372323529 1
8 0.0227526505583677 0.680311670377996 4,12
9 0.0122622340043365 0.35571348683709 0,19
10 0.388228948874506 0.0762803173047864 14,19
11 0.305480832841937 0.989263546182431 5,18,15
12 0.522679859550055 0.558947767856972 8,6
13 0.322299368829606 0.938108399481563 15,17,5,19
14 0.825207170948948 0.0938584218238752 3,16,10
15 0.962469802220571 0.341020633625342 11,2,13
16 0.492382429303779 0.291909790268126 18,4,14
17 0.852679948253874 0.416961871281714 18,2,1,3,5,13
18 0.423695289727159 0.884975887781464 0,11,16,17
19 0.355114553289076 0.663321391522568 10,13,9

0 0.258528434791848 0.949963701865619 8
1 0.593659724385319 0.689911669441458 17,6
2 0.880158137939944 0.887337067577679 15,7,16
3 0.105113289367926 0.391968064192668 19,6,12,18
4 0.343729917120063 0.60628426475743 10,19
5 0.00482136430443328 0.471443895470092 9
6 0.338358472724612 0.971565190689436 1,3
7 0.525621858204539 0.30319457282461 13,2,10,11,16,19
8 0.941839108682163 0.647331780124145 17,0
9 0.97659269020734 0.226483925351167 19,5,17
10 0.53680373334177 0.963518405781835 7,4,17
11 0.0505652479131544 0.779862598413538 18,7
12 0.319591474402506 0.924372604081581 3
13 0.253707070487415 0.478519806395527 18,7,15
14 0.255301251660707 0.718346478752022 16
15 0.36171520937314 0.622039506967198 13,2
16 0.163274180685763 0.744636284068523 2,7,14
17 0.379800339406263 0.342420465006689 9,10,1,8
18 0.00337722944252995 0.107150332586444 3,11,13
19 0.672712473977689 0.166253184977105 4,7,3,9

0 0.226818497863979 0.518028795960373 3,17,2,18
1 0.938942053792506 0.721291438546633 6,3,10
2 0.809601853047312 0.601803196408694 0,13,15,17
3 0.354100993068004 0.616588417727774 19,0,1,7,8
4 0.266772501294861 0.952454247489783 17,12
5 0.785689439524752 0.970594316707269 16
6 0.967508026849249 0.526643886476124 12,18,1,16
7 0.155684825571107 0.243217538224169 3,9
8 0.475142142491016 0.575824310339905 3,14
9 0.64584578836609 0.871662892807118 7
10 0.658415777915351 0.906122293279563 1,18,11
11 0.575114174548124 0.537085441656916 10
12 0.25357613631225 0.834249704067712 18,4,6
13 0.902442598669996 0.198217657021348 2,15
14 0.981493560123021 0.349781655403684 17,8
15 0.139491499932246 0.899905098555565 2,13
16 0.559802721980867 0.952324664663675 6,5
17 0.672909371868199 0.850309080374571 2,0,4,14
18 0.0644720234277062 0.679054999574579 0,19,6,10,12
19 0.452084714291657 0.472064018934995 18,3

