3.24487407652258, 3.18921686090418, 2.96937586905132, 3.18921686090418, 2.97147481479437
3.51982455000796, 3.13441577981089, 3.03303070864112, 3.13441577981089, 2.97144816474874
3.41608332003315, 3.05065816207338, 2.88195537609972, 3.05065816207338, 2.97141226000383
3.41555394634887, 2.9874345197602, 3.00657477788928, 2.9874345197602, 2.97139531867023
3.38799122722492, 2.94008560700164, 2.60513453460975, 2.94008560700164, 2.97909024744331
3.35451353002866, 2.88970781845396, 2.55602431636085, 2.88970781845396, 2.97906330184586
3.32631286132132, 2.88969559310586, 2.41931949000099, 2.88969559310586, 3.00700167348358
3.28810231680105, 2.93871389679024, 2.62260893411751, 2.93871389679024, 3.00695860170481
3.27384849292752, 2.9720102636878, 2.64085041865627, 2.9720102636878, 2.97895825401525
3.22119084884817, 2.91820529713189, 2.77990907606112, 2.91820529713189, 2.98450434507977
2.57998398338915, 2.88620591469556, 2.67616571834869, 3.72908347208158, 5.26057704033045
2.06380531665249, 2.8972124448389, 2.60893790808074, 3.91082262379896, 5.26594557487053
1.85353749221277, 2.89338035378517, 2.57346757321291, 4.17209463034606, 5.26755681187096
1.78393653228101, 2.91518652168836, 2.48661105963438, 4.2424267614411, 5.27153448449279
1.78907027973245, 2.93787366962215, 2.36136735526064, 4.33898134927206, 5.27331021521081
1.70774218444843, 2.95301151258309, 2.33779144104893, 4.40237000882763, 5.27266179879941
1.67436217826262, 2.96203659056484, 2.30516070056208, 4.51799995115112, 5.2772550816162
1.61197087031895, 2.95823629483663, 2.29789846787886, 4.62135241090356, 5.27939826465304
1.5057866851147, 2.96028754946813, 2.27789580508368, 4.71504088606098, 5.2683954436017
1.42030153944196, 2.94620505567811, 2.26342229644617, 4.78676282079932, 5.26254502322788
1.45156715159776, 2.95350645326109, 2.23432514483111, 5.27762866553578, 5.43613883867242
1.46727743017285, 2.95337389425863, 2.22074501542541, 5.24960220506481, 5.43936499730817
1.44283455212222, 2.9594203799452, 2.20479016475843, 5.24689627500222, 5.43077251568757
1.38559202088512, 2.95928396325464, 2.17805871094308, 5.29893110704057, 5.43162294657125
1.37791485154691, 2.96290455365531, 2.17989666269384, 5.32982530691539, 5.4277147526789
1.33387078871204, 2.96008380747953, 2.17199780387328, 5.30516926970895, 5.42765756411135
1.30905408170101, 2.95213031597411, 2.17676269428924, 5.34877045491537, 5.42764089208392
1.34267792742148, 2.95733091843939, 2.17022523980623, 5.36597146289547, 5.42760857593832
1.34203499658964, 2.94971832593583, 2.16013886944336, 5.34938038390163, 5.4279487829239
1.37295555417533, 2.95913107830865, 2.15123554454368, 5.34534761186949, 5.42529211529222
1.47904419567094, 2.96645899723056, 2.15530734712694, 5.41303909696794, 5.53136637942407
1.41963495311958, 2.96635912021426, 2.16623172825152, 5.41458474831341, 5.5243619949258
1.43807954688402, 2.96628364629174, 2.16839493076879, 5.42020794070292, 5.51741848194458
1.44075120432096, 2.95879266796968, 2.14972844885067, 5.42123883155822, 5.51740489943263
1.48129870936279, 2.95066429776394, 2.13777630272312, 5.41622407976177, 5.51689576470273
1.46380564373892, 2.95402676972767, 2.13131873145694, 5.41695644181574, 5.51690169863413
1.42454659749144, 2.94796512164881, 2.12103427230299, 5.39915207405639, 5.51695461901109
1.38105363410523, 2.94795418892733, 2.12204910225228, 5.39375864893488, 5.51699118410342
1.38829979026549, 2.94787085355061, 2.10559485836614, 5.40700902613429, 5.53154624385355
1.36140866031562, 2.93053286720412, 2.10310132692037, 5.40604645116716, 5.52970518570717
1.52598202876153, 2.93047436817231, 2.09902353360031, 5.53802410926891, 5.58067539359587
1.47843199103228, 2.93042241920092, 2.08678957191641, 5.53980152370727, 5.58068060595763
1.46315087179288, 2.9303718566552, 2.07782998886881, 5.54415499099944, 5.59221165678342
1.43776754614756, 2.93031455506486, 2.08000611045809, 5.53725508790166, 5.59214531440894
1.39779276523824, 2.93353649311389, 2.07755059813612, 5.53788424754885, 5.59193957826929
1.39383765713415, 2.93347546767811, 2.07930031298017, 5.53749953921102, 5.59212282323637
1.38300290945301, 2.93348806990796, 2.07190586613893, 5.53391996618888, 5.59209514426125
1.33154935095687, 2.93321694729502, 2.0721509739676, 5.53394386173126, 5.59213635830377
1.35018039381451, 2.93321656343548, 2.07261305815763, 5.53448617433304, 5.59436608711308
1.3437946255985, 2.95725726547009, 2.07324383288286, 5.53612087264416, 5.59599231126243
1.46436621117947, 2.95720966317037, 2.07706548053172, 5.60816231815754, 5.62925964612061
1.41554772025392, 2.95716832148435, 2.07663761498955, 5.61174882505333, 5.62927240186513
1.37364744288265, 2.95714162336153, 2.07185694108889, 5.60930297397958, 5.62928907180032
1.34581146774517, 2.95082683237086, 2.06937339682775, 5.60449409995864, 5.62929633632053
1.32309704716842, 2.9507511062461, 2.06133271665795, 5.60433868917284, 5.62783237398642
1.31093050681835, 2.950663601114, 2.03789923866401, 5.60554612850093, 5.62781111643208
1.32510846749693, 2.95056655247454, 2.02500303419777, 5.61207732490784, 5.62932069224148
1.27170888972827, 2.95044835625461, 2.02030101816273, 5.60560309483217, 5.6278569290787
1.26907441645343, 2.94275349026676, 2.00948226902748, 5.62003478739176, 5.63471997762928
1.31394955383608, 2.9619702249294, 2.00677453451, 5.62276197152596, 5.63618645494459
1.42776098294322, 2.96192194138237, 1.98601437246694, 5.63846514208514, 5.65471105025627
1.39855511487737, 2.96188835943043, 1.97947654692717, 5.64186586957937, 5.65158654321374
1.3414289159193, 2.95413902045846, 1.97448996864174, 5.64180342501177, 5.65335432999404
1.31613057510686, 2.93741924826354, 1.97166129512515, 5.64866112505432, 5.65425203775295
1.28342997323555, 2.93738834703891, 1.95356294654781, 5.64867614134066, 5.65595589885473
1.24871912844652, 2.9373052485682, 1.96005472960359, 5.64855322851189, 5.65596689949771
1.24600677059222, 2.93730262473406, 1.95545726402207, 5.64934710833409, 5.65598031793839
1.23135493557698, 2.94351428988418, 1.93624128636642, 5.64670968205279, 5.655988393957
1.22160333529668, 2.95087861875465, 1.93286128040261, 5.64099469060171, 5.65431118706166
1.22179957760964, 2.94075216558775, 1.92839825597837, 5.64229701206501, 5.65433987512218
1.44780944883594, 2.94071644558904, 1.91580349873801, 5.65894996483236, 5.66540421793855
1.42708096330768, 2.94693307247708, 1.93651111826907, 5.66583709930806, 5.66910078100973
1.39624853437386, 2.94689160708837, 1.92706369296138, 5.66112057353442, 5.66526853921596
1.36152930807657, 2.93918864228954, 1.92513508602874, 5.66270165660828, 5.6652397006717
1.33004163899705, 2.94297078859678, 1.91603918628331, 5.65496244799052, 5.66524976129171
1.27742682849393, 2.94297379632789, 1.92341439033951, 5.65490238617752, 5.67265601965473
1.22449530326853, 2.94293512461241, 1.91447364492644, 5.65102133170057, 5.67475759641304
1.26397225884519, 2.94288736149406, 1.90910954559248, 5.65098991329148, 5.67267546670264
1.19875609226368, 2.95055618973607, 1.91298155673494, 5.65098924672784, 5.67480353848445
1.21032690610858, 2.95817796849925, 1.90749591733625, 5.65093204518159, 5.67480450516501
1.31951829682983, 2.95814625097389, 1.90415803974368, 5.66764468535569, 5.69422805183495
1.31887217225599, 2.95810528276502, 1.89945274364623, 5.66751772078511, 5.69421957760716
1.36901846344745, 2.95807097388656, 1.89434008965861, 5.66002546561136, 5.69034439072755
1.33604023533202, 2.95804726323308, 1.89547176117969, 5.65993111519834, 5.69033812725388
1.31292987673918, 2.95801220808672, 1.89504204297642, 5.65986881255931, 5.69030937992231
1.41351598188544, 2.95796997313944, 1.88801299437778, 5.66710337354573, 5.69031959392489
1.30617815382538, 2.95795655955882, 1.87512843305458, 5.66706610541184, 5.69032962256873
1.28477124273667, 2.95788036929204, 1.86842090569273, 5.67363513805457, 5.69032391380042
1.18395298014442, 2.95475072096697, 1.86512532072633, 5.67356901360349, 5.69319852755731
1.15605523419394, 2.97150614611586, 1.85661573996044, 5.67354050487372, 5.69720378302764
1.33901350510903, 2.97147481479437, 1.8570855884281, 5.69713647778002, 5.67526689768435
1.29004886030581, 2.97144816474874, 1.84680315559359, 5.69708705203178, 5.67525473752721
1.28181636169627, 2.97141226000383, 1.84499261972376, 5.69702693120423, 5.67528295970054
1.26489167470548, 2.97139531867023, 1.84247954116008, 5.6969397709626, 5.67528387249767
1.23351371156876, 2.97909024744331, 1.8540929949346, 5.69685732342537, 5.67528771928681
1.32736505368462, 2.97906330184586, 1.84247797335923, 5.7034907645283, 5.67977093109072
1.33982305945712, 3.00700167348358, 1.84152121875865, 5.70340707331563, 5.67977313840183
1.33239087095173, 3.00695860170481, 1.82453382929478, 5.7072178777953, 5.67976040925695
1.20538283743826, 2.97895825401525, 1.81062553179491, 5.70717729378124, 5.67974565609448
1.23365416544778, 2.98450434507977, 1.7994546352111, 5.70396186593299, 5.68665999264698
1.58984455715541, 3.72908347208158, 2.93337233027957, 
1.58984455715541, 3.91082262379896, 3.10492627132259, 
1.58984455715541, 4.17209463034606, 2.50159735590219, 
1.58984455715541, 4.2424267614411, 2.48699972246954, 
1.58984455715541, 4.33898134927206, 2.61245603638059, 
1.58984455715541, 4.40237000882763, 2.34931134127075, 
1.58984455715541, 4.51799995115112, 2.9041952846177, 
1.58984455715541, 4.62135241090356, 2.44594766740037, 
1.58984455715541, 4.71504088606098, 2.88921414499053, 
1.58984455715541, 4.78676282079932, 2.6576586737951, 
1.58984455715541, 4.83231780764832, 2.40669320789616, 
1.58984455715541, 4.88681830816522, 2.61255243857617, 
1.58984455715541, 4.90478749359684, 2.60002928751767, 
1.58984455715541, 4.93835022358954, 2.60455565535453, 
1.58984455715541, 4.95982500523229, 2.35606479968692, 
1.58984455715541, 4.95704497225919, 2.3980148366042, 
1.58984455715541, 4.96151811116947, 2.57098149200141, 
1.58984455715541, 5.00803737667217, 2.61981422089852, 
1.58984455715541, 5.03688093486234, 2.56315678671236, 
1.58984455715541, 5.03739431797609, 2.3294901967902, 
1.58984455715541, 5.05069526200093, 2.48075258388346, 
1.58984455715541, 5.06034236962898, 2.4299097720129, 
1.58984455715541, 5.06177625720321, 2.62116878547893, 
1.58984455715541, 5.09703646857458, 2.53329059723249, 
1.58984455715541, 5.13971126312583, 2.31342837595723, 
1.58984455715541, 5.13923928960112, 2.47999703283804, 
1.58984455715541, 5.14818454726649, 2.50211431415474, 
1.58984455715541, 5.13354475502848, 2.56799952203113, 
1.58984455715541, 5.15141234472621, 2.51318529040122, 
1.58984455715541, 5.17089950209173, 2.28634313841781, 
1.58984455715541, 5.17584940659663, 2.62179276665438, 
1.58984455715541, 5.18633854806806, 2.55582908287936, 
1.58984455715541, 5.18809354654218, 2.56039256656838, 
1.58984455715541, 5.19186897655602, 2.39209992355101, 
1.58984455715541, 5.17824482433076, 2.34664594807774, 
1.58984455715541, 5.1729987661309, 2.1597524442394, 
1.58984455715541, 5.16633000010498, 2.0459729673579, 
1.58984455715541, 5.19062114386538, 2.06091487601216, 
1.58984455715541, 5.19764085980906, 1.93114185638634, 
1.58984455715541, 5.20132924830362, 2.00900364198866, 
1.58984455715541, 5.19999090761406, 2.20542607695763, 
1.58984455715541, 5.19865194560693, 2.01810588469806, 
1.58984455715541, 5.19484718237519, 2.08114334853033, 
1.58984455715541, 5.19242624201172, 1.93818250634477, 
1.58984455715541, 5.19759519217002, 1.79556337354388, 
1.58984455715541, 5.186389855248, 1.72003009324669, 
1.58984455715541, 5.18418502250058, 1.47706696721854, 
1.58984455715541, 5.18981523808178, 1.59573483370646, 
1.58984455715541, 5.19677516664014, 1.50499689258499, 
1.58984455715541, 5.19636426251629, 1.49813546985433, 
1.58984455715541, 5.21618444238815, 1.63550905804828, 
1.58984455715541, 5.22207142196225, 1.54844455321426, 
1.58984455715541, 5.22391388361058, 1.59151713123088, 
1.58984455715541, 5.20839993500925, 1.54455036857235, 
1.58984455715541, 5.22032921281044, 1.41785402329924, 
1.58984455715541, 5.2287403233186, 1.43810574548075, 
1.58984455715541, 5.22055121244402, 1.44334698129473, 
1.58984455715541, 5.23811075926484, 1.44567128031052, 
1.58984455715541, 5.26054950348645, 1.36725864561388, 
1.58984455715541, 5.25655281094601, 1.2699126153744, 
1.58984455715541, 5.2524102267472, 1.59010197434535, 
1.58984455715541, 5.25319763053421, 1.51561800717287, 
1.58984455715541, 5.26914035087584, 1.43800546282628, 
1.58984455715541, 5.26263873944603, 1.36524984282412, 
1.58984455715541, 5.2854013947002, 1.33674057441774, 
1.58984455715541, 5.273276804989, 1.35831977427399, 
1.58984455715541, 5.24504981005901, 1.35083975387202, 
1.58984455715541, 5.24052385204455, 1.29155933424569, 
1.58984455715541, 5.24560701522758, 1.31680283503683, 
1.58984455715541, 5.24533070536618, 1.25764668522694, 
1.58984455715541, 5.26626889367358, 1.53735862811156, 
1.58984455715541, 5.24246293634592, 1.52862067110807, 
1.58984455715541, 5.24950146746844, 1.448333778333, 
1.58984455715541, 5.2570961048293, 1.41268812900291, 
1.58984455715541, 5.25726963253127, 1.33887692850474, 
1.58984455715541, 5.26491935679534, 1.31900245327507, 
1.58984455715541, 5.25995650657042, 1.31078265193444, 
1.58984455715541, 5.26518229987171, 1.29656965136056, 
1.58984455715541, 5.26536726964393, 1.25684197014237, 
1.58984455715541, 5.26555366366873, 1.29326664233208, 
1.58984455715541, 5.26959058675465, 1.57424211148701, 
1.58984455715541, 5.26944288936508, 1.54146747450826, 
1.58984455715541, 5.27080829702251, 1.50649258400774, 
1.58984455715541, 5.25398545868819, 1.48633619206836, 
1.58984455715541, 5.25968330977872, 1.39754559106573, 
1.58984455715541, 5.26081106171388, 1.43074803648725, 
1.58984455715541, 5.26091987419612, 1.40976968588945, 
1.58984455715541, 5.26111064365776, 1.36577423743125, 
1.58984455715541, 5.26050796648353, 1.36227438739108, 
1.58984455715541, 5.25806274954627, 1.31539521582461, 
1.58984455715541, 5.26057704033045, 1.64784061232606, 
1.58984455715541, 5.26594557487053, 1.51943867607001, 
1.58984455715541, 5.26755681187096, 1.53103761824385, 
1.58984455715541, 5.27153448449279, 1.48343202164438, 
1.58984455715541, 5.27331021521081, 1.4730312561258, 
1.58984455715541, 5.27266179879941, 1.43756848294049, 
1.58984455715541, 5.2772550816162, 1.38729438019471, 
1.58984455715541, 5.27939826465304, 1.35772033172253, 
1.58984455715541, 5.2683954436017, 1.32405212223433, 
1.58984455715541, 5.26254502322788, 1.31518997058774, 
1.58984455715541, 5.27762866553578, 1.72317946484032, 
1.58984455715541, 5.24960220506481, 1.90432990410459, 
1.58984455715541, 5.24689627500222, 2.03521616005195, 
1.58984455715541, 5.29893110704057, 2.04305063052879, 
1.58984455715541, 5.32982530691539, 2.29511037967379, 
1.58984455715541, 5.30516926970895, 2.29681972568011, 
1.58984455715541, 5.34877045491537, 2.39867817711473, 
1.58984455715541, 5.36597146289547, 2.03061717762679, 
1.58984455715541, 5.34938038390163, 2.36413678454862, 
1.58984455715541, 5.34534761186949, 2.28341810504469, 
1.58984455715541, 5.33095359751595, 2.13077676235719, 
1.58984455715541, 5.32954913329724, 2.36895397204527, 
1.58984455715541, 5.33035602549298, 2.31553231140604, 
1.58984455715541, 5.33135580688241, 1.96558902066689, 
1.58984455715541, 5.32821338258349, 2.15153212642364, 
1.58984455715541, 5.31695597316753, 2.30726779172184, 
1.58984455715541, 5.31877862239206, 2.32471989903408, 
1.58984455715541, 5.31119969650778, 2.19897215461041, 
1.58984455715541, 5.29887385599539, 2.39587835588681, 
1.58984455715541, 5.29986062572175, 2.27412850624228, 
1.58984455715541, 5.31322934607732, 2.13163690660046, 
1.58984455715541, 5.32151030640688, 2.25810535786161, 
1.58984455715541, 5.31766667005183, 2.26044870608467, 
1.58984455715541, 5.33848434612198, 2.31063337376406, 
1.58984455715541, 5.32981836140335, 2.29489410788233, 
1.58984455715541, 5.3297706444362, 2.21864129936833, 
1.58984455715541, 5.33516946976395, 2.33699895306603, 
1.58984455715541, 5.34586605060051, 2.27568407614495, 
1.58984455715541, 5.34595572730299, 2.35560802613685, 
1.58984455715541, 5.35265796444982, 2.15779839493804, 
1.58984455715541, 5.35317700768163, 2.39804113763806, 
1.58984455715541, 5.34925387417636, 2.44566674994101, 
1.58984455715541, 5.34394333658067, 2.44757403071244, 
1.58984455715541, 5.34092724099756, 2.42332884349971, 
1.58984455715541, 5.33274767821036, 2.38996649692321, 
1.58984455715541, 5.32940625558093, 2.03406319942335, 
1.58984455715541, 5.32942652896827, 1.9817248721985, 
1.58984455715541, 5.32947450812395, 1.99777876099241, 
1.58984455715541, 5.3258132988943, 2.20191378870712, 
1.58984455715541, 5.32884264006008, 2.0291775246608, 
1.58984455715541, 5.32905344173394, 2.29062002615108, 
1.58984455715541, 5.32906649315705, 2.32874420576877, 
1.58984455715541, 5.33848554588862, 1.99606135123549, 
1.58984455715541, 5.33110615340998, 2.04545252131232, 
1.58984455715541, 5.32794036312898, 1.98688884723167, 
1.58984455715541, 5.33805895943902, 1.96696783811326, 
1.58984455715541, 5.33409891998744, 1.92048228566505, 
1.58984455715541, 5.33098654590816, 1.80765991317034, 
1.58984455715541, 5.33550288387699, 1.88213231177007, 
1.58984455715541, 5.33541480684362, 2.04311199347737, 
1.58984455715541, 5.33863527755568, 2.08142879126942, 
1.58984455715541, 5.33530259753644, 2.01203583839383, 
1.58984455715541, 5.34684158857685, 1.87748812881023, 
1.58984455715541, 5.35405450658673, 1.69355319717159, 
1.58984455715541, 5.35412229853253, 1.82651007600519, 
1.58984455715541, 5.35404092473499, 1.77726550452593, 
1.58984455715541, 5.36065829131301, 1.91071217390841, 
1.58984455715541, 5.36274618110031, 1.57323852522217, 
1.58984455715541, 5.37466466602196, 1.64011440345793, 
1.58984455715541, 5.37463328207567, 1.59259590781297, 
1.58984455715541, 5.37721599843976, 1.96783872604672, 
1.58984455715541, 5.37376091680918, 1.81451577369986, 
1.58984455715541, 5.38383697493783, 1.83453086710432, 
1.58984455715541, 5.38385003345936, 1.77049737889403, 
1.58984455715541, 5.3837863646433, 1.73384382098182, 
1.58984455715541, 5.38386136869155, 1.68006369462208, 
1.58984455715541, 5.38742971488404, 1.55467506548161, 
1.58984455715541, 5.38351448093423, 1.49483949300393, 
1.58984455715541, 5.38353141584262, 1.48478617168014, 
1.58984455715541, 5.38731937144982, 1.45291023757113, 
1.58984455715541, 5.39419749832484, 1.69300589055319, 
1.58984455715541, 5.39422506345659, 1.7617798861056, 
1.58984455715541, 5.39809577404194, 1.78367580461057, 
1.58984455715541, 5.39144903780809, 1.61288074426149, 
1.58984455715541, 5.40290340084586, 1.59883626248891, 
1.58984455715541, 5.40295540687734, 1.62666019351921, 
1.58984455715541, 5.40288280845192, 1.57940719099292, 
1.58984455715541, 5.39528138963718, 1.44619118936014, 
1.58984455715541, 5.39908518986514, 1.45933821937035, 
1.58984455715541, 5.40750472159389, 1.34664144468889, 
1.58984455715541, 5.40089695964972, 1.60587191406767, 
1.58984455715541, 5.42085401490299, 1.66355403233396, 
1.58984455715541, 5.43636090722346, 1.57059412612159, 
1.58984455715541, 5.43665058887927, 1.53017868159276, 
1.58984455715541, 5.43635886175004, 1.58909051816123, 
1.58984455715541, 5.43342791996907, 1.51306310594968, 
1.58984455715541, 5.42930281043684, 1.52941412317261, 
1.58984455715541, 5.42921261385958, 1.40296953056538, 
1.58984455715541, 5.42917777901938, 1.36867831082983, 
1.58984455715541, 5.42924176465593, 1.42878360882809, 
1.58984455715541, 5.43613883867242, 1.67309495677474, 
1.58984455715541, 5.43936499730817, 1.57981993850426, 
1.58984455715541, 5.43077251568757, 1.56990155568486, 
1.58984455715541, 5.43162294657125, 1.54911573486376, 
1.58984455715541, 5.4277147526789, 1.46410827243105, 
1.58984455715541, 5.42765756411135, 1.43363998887766, 
1.58984455715541, 5.42764089208392, 1.47577595406915, 
1.58984455715541, 5.42760857593832, 1.40929277427511, 
1.58984455715541, 5.4279487829239, 1.45909670183264, 
1.58984455715541, 5.42529211529222, 1.50473885547424, 
1.58984455715541, 5.41303909696794, 1.79398652466648, 
1.58984455715541, 5.41458474831341, 1.99163908351628, 
1.58984455715541, 5.42020794070292, 1.96494588846439, 
1.58984455715541, 5.42123883155822, 2.44685677737734, 
1.58984455715541, 5.41622407976177, 2.19838857443825, 
1.58984455715541, 5.41695644181574, 2.25540229067482, 
1.58984455715541, 5.39915207405639, 2.36861899880853, 
1.58984455715541, 5.39375864893488, 2.47161285271269, 
1.58984455715541, 5.40700902613429, 2.2612438491085, 
1.58984455715541, 5.40604645116716, 2.26697236066285, 
1.58984455715541, 5.40363357517632, 2.3607275136364, 
1.58984455715541, 5.420103493688, 2.35745548262193, 
1.58984455715541, 5.42149910278111, 2.49139675288984, 
1.58984455715541, 5.42248402265086, 2.36346068021616, 
1.58984455715541, 5.41761210648461, 2.26496805902467, 
1.58984455715541, 5.41750897546971, 2.21219345892173, 
1.58984455715541, 5.42070996541441, 2.37176914139893, 
1.58984455715541, 5.42068318750302, 2.27818764767344, 
1.58984455715541, 5.41918461294665, 2.4771818806308, 
1.58984455715541, 5.41528509949526, 2.50850310392641, 
1.58984455715541, 5.41566688280176, 2.3240002151491, 
1.58984455715541, 5.41565522918137, 2.47207437944078, 
1.58984455715541, 5.41561299816725, 2.13775008058811, 
1.58984455715541, 5.41551047495612, 2.48870475387725, 
1.58984455715541, 5.42554953320304, 2.45247538539037, 
1.58984455715541, 5.42484337475885, 2.6429956956037, 
1.58984455715541, 5.42516364036418, 2.37512273109632, 
1.58984455715541, 5.42950725879386, 2.20713391351347, 
1.58984455715541, 5.42547787867036, 2.27370645259658, 
1.58984455715541, 5.42854920784858, 2.25134066785771, 
1.58984455715541, 5.43689635652891, 2.34393867143414, 
1.58984455715541, 5.43683800779454, 2.36666548616645, 
1.58984455715541, 5.4364309839813, 2.17219710693144, 
1.58984455715541, 5.43637724741526, 2.18713169309979, 
1.58984455715541, 5.43635838178979, 2.31115205416262, 
1.58984455715541, 5.43738441457479, 2.104242924042, 
1.58984455715541, 5.437643813708, 2.17149042696215, 
1.58984455715541, 5.452174279399, 2.12748945095628, 
1.58984455715541, 5.45440535892944, 2.11087396855746, 
1.58984455715541, 5.46585449070741, 2.1161587984439, 
1.58984455715541, 5.46583592943465, 2.18409324436735, 
1.58984455715541, 5.45838477664558, 2.12405071303434, 
1.58984455715541, 5.46984677935232, 2.0996261697754, 
1.58984455715541, 5.4698304369516, 2.04252952733352, 
1.58984455715541, 5.48022496018629, 1.92414677801979, 
1.58984455715541, 5.48021209967891, 2.1287710585244, 
1.58984455715541, 5.48331955456207, 1.90480073367336, 
1.58984455715541, 5.48748748864211, 1.95867912544205, 
1.58984455715541, 5.47271442815881, 1.98933213995911, 
1.58984455715541, 5.48405988294045, 1.85944489172913, 
1.58984455715541, 5.48403059101122, 1.77058604360622, 
1.58984455715541, 5.48263410805987, 2.17936066882034, 
1.58984455715541, 5.48410289451181, 2.01170597239949, 
1.58984455715541, 5.49666068269233, 1.8857706953145, 
1.58984455715541, 5.49668098423165, 1.96975768785026, 
1.58984455715541, 5.49701247715265, 1.86536236877068, 
1.58984455715541, 5.49390705656168, 1.77140099718173, 
1.58984455715541, 5.49395198046229, 1.72155516323326, 
1.58984455715541, 5.49396734805189, 1.71680547095874, 
1.58984455715541, 5.493906517861, 1.81388944318416, 
1.58984455715541, 5.50094227248341, 1.94827837725085, 
1.58984455715541, 5.49706365115173, 2.00817087504425, 
1.58984455715541, 5.4970537075029, 1.95316695311874, 
1.58984455715541, 5.49707173444396, 1.81685059120398, 
1.58984455715541, 5.48229962244456, 1.84084830206619, 
1.58984455715541, 5.49227536626291, 1.78309607770853, 
1.58984455715541, 5.48227050185186, 1.74241196517456, 
1.58984455715541, 5.48615971476965, 1.65085324198758, 
1.58984455715541, 5.48621129416515, 1.70438553695549, 
1.58984455715541, 5.48620135764243, 1.65731814201891, 
1.58984455715541, 5.48620796862194, 1.84563127980526, 
1.58984455715541, 5.48624361733448, 1.87462371966325, 
1.58984455715541, 5.49616651999114, 1.87770837267538, 
1.58984455715541, 5.51097077177234, 1.88587665563899, 
1.58984455715541, 5.51102382079497, 1.86767711921336, 
1.58984455715541, 5.51105848733704, 1.84167410210473, 
1.58984455715541, 5.51095500828862, 1.75594972378253, 
1.58984455715541, 5.51094784110738, 1.6835017681054, 
1.58984455715541, 5.51098973467405, 1.59774119323755, 
1.58984455715541, 5.51096889232607, 1.65479692565093, 
1.58984455715541, 5.52158245234995, 1.82402609614817, 
1.58984455715541, 5.52579319592455, 1.74572550543411, 
1.58984455715541, 5.53955003956904, 1.72299500064811, 
1.58984455715541, 5.53264117131175, 1.73201541298554, 
1.58984455715541, 5.53955115483237, 1.72676788612478, 
1.58984455715541, 5.53957501124743, 1.69705814561601, 
1.58984455715541, 5.5326855771525, 1.64429190283187, 
1.58984455715541, 5.53273664486788, 1.63336638936952, 
1.58984455715541, 5.5243602301608, 1.65104615881917, 
1.58984455715541, 5.52436281234053, 1.61458554903361, 
1.58984455715541, 5.53136637942407, 1.89544716189948, 
1.58984455715541, 5.5243619949258, 1.81677452792274, 
1.58984455715541, 5.51741848194458, 1.78469049375629, 
1.58984455715541, 5.51740489943263, 1.66204296656364, 
1.58984455715541, 5.51689576470273, 1.65801599991657, 
1.58984455715541, 5.51690169863413, 1.64185193767848, 
1.58984455715541, 5.51695461901109, 1.57869111468544, 
1.58984455715541, 5.51699118410342, 1.6595983815055, 
1.58984455715541, 5.53154624385355, 1.54064475971859, 
1.58984455715541, 5.52970518570717, 1.5684690700766, 
1.58984455715541, 5.53802410926891, 1.77003712071864, 
1.58984455715541, 5.53980152370727, 1.89405744120662, 
1.58984455715541, 5.54415499099944, 1.99600197853341, 
1.58984455715541, 5.53725508790166, 1.97542914431697, 
1.58984455715541, 5.53788424754885, 2.21834139507347, 
1.58984455715541, 5.53749953921102, 2.07134981099928, 
1.58984455715541, 5.53391996618888, 2.25633909707149, 
1.58984455715541, 5.53394386173126, 2.19262769567447, 
1.58984455715541, 5.53448617433304, 2.23848517751021, 
1.58984455715541, 5.53612087264416, 2.42395329774146, 
1.58984455715541, 5.54102790010959, 2.33795655099263, 
1.58984455715541, 5.53790718953103, 2.16853270426737, 
1.58984455715541, 5.53787026580716, 2.3127000950301, 
1.58984455715541, 5.53779141955666, 2.38525871886159, 
1.58984455715541, 5.543776132508, 2.35305670562721, 
1.58984455715541, 5.54379402114405, 2.49757134193722, 
1.58984455715541, 5.54615295172878, 2.29457773169169, 
1.58984455715541, 5.54363451772905, 2.43672920893844, 
1.58984455715541, 5.53699493659922, 2.4431699484737, 
1.58984455715541, 5.53618215415314, 2.46406171453343, 
1.58984455715541, 5.53622679039575, 2.57593503045344, 
1.58984455715541, 5.53621130815896, 2.52415011657184, 
1.58984455715541, 5.5361826313574, 2.44102879578725, 
1.58984455715541, 5.54036457524387, 2.27893377181349, 
1.58984455715541, 5.55049834903836, 2.47169347250544, 
1.58984455715541, 5.55052705015005, 2.34193228376846, 
1.58984455715541, 5.5505384680494, 2.15527683915714, 
1.58984455715541, 5.55040781880374, 2.42077911896995, 
1.58984455715541, 5.55044601371893, 2.39145238031701, 
1.58984455715541, 5.54287530044627, 2.34563397194821, 
1.58984455715541, 5.54292443319393, 2.27336338715083, 
1.58984455715541, 5.54622210578506, 2.30833558656354, 
1.58984455715541, 5.54297684221997, 2.18229816532549, 
1.58984455715541, 5.54302912515858, 2.23109702387442, 
1.58984455715541, 5.54305564045222, 2.16407304179152, 
1.58984455715541, 5.54652475579511, 2.24535908744154, 
1.58984455715541, 5.54681227449281, 2.17622266512755, 
1.58984455715541, 5.55040166970979, 2.40302916563655, 
1.58984455715541, 5.55037807947529, 2.31156635895016, 
1.58984455715541, 5.55029764643748, 2.27480538533519, 
1.58984455715541, 5.55028289885881, 2.31450655310904, 
1.58984455715541, 5.55024698051914, 2.10050094153673, 
1.58984455715541, 5.55015917817839, 2.37752436161873, 
1.58984455715541, 5.5501295768741, 2.05618017362457, 
1.58984455715541, 5.55773974135009, 2.07736659877731, 
1.58984455715541, 5.55388865159382, 2.13738657953343, 
1.58984455715541, 5.55021211288457, 1.97800691765628, 
1.58984455715541, 5.5619479024422, 1.97503314393722, 
1.58984455715541, 5.55423174047176, 2.00054696160979, 
1.58984455715541, 5.56190164080531, 1.93883842931502, 
1.58984455715541, 5.57263054473332, 2.28038444748525, 
1.58984455715541, 5.57261311996878, 2.41517885160479, 
1.58984455715541, 5.57262786574413, 2.17845012760859, 
1.58984455715541, 5.57051541886925, 1.98646046615979, 
1.58984455715541, 5.57051448323342, 1.95832525164626, 
1.58984455715541, 5.57265049061806, 2.16784991275751, 
1.58984455715541, 5.57266810888627, 1.97744376706044, 
1.58984455715541, 5.57266991728579, 2.04893016685398, 
1.58984455715541, 5.57490254640301, 1.82294236011026, 
1.58984455715541, 5.58114054619676, 1.76981554587672, 
1.58984455715541, 5.57853873598476, 1.93954910945058, 
1.58984455715541, 5.57855788079074, 1.94140317992194, 
1.58984455715541, 5.5771079921404, 2.07595084946012, 
1.58984455715541, 5.57787412959306, 1.86468212481015, 
1.58984455715541, 5.56785288961261, 1.83295349649302, 
1.58984455715541, 5.56441416276056, 1.80281242603324, 
1.58984455715541, 5.58052167003602, 1.71226517549769, 
1.58984455715541, 5.57361865154091, 1.60065431876719, 
1.58984455715541, 5.57523420649828, 1.68945942035242, 
1.58984455715541, 5.57930190246086, 1.64986321809736, 
1.58984455715541, 5.57928490014864, 1.83398053467948, 
1.58984455715541, 5.575073985747, 1.78632160736938, 
1.58984455715541, 5.57508750981569, 1.77766725069956, 
1.58984455715541, 5.57254969634779, 1.78724843611146, 
1.58984455715541, 5.57512330357761, 1.72588167720845, 
1.58984455715541, 5.5725182457881, 1.82157323933634, 
1.58984455715541, 5.57675205345676, 1.74109316256991, 
1.58984455715541, 5.57672252038914, 1.80389199194205, 
1.58984455715541, 5.56917217075439, 1.76798078035885, 
1.58984455715541, 5.57694725735625, 1.69480367432079, 
1.58984455715541, 5.57697072167206, 1.76608766095258, 
1.58984455715541, 5.57300898640719, 1.79745282010233, 
1.58984455715541, 5.57719711815427, 1.74261780945836, 
1.58984455715541, 5.58027374970504, 1.72289199888397, 
1.58984455715541, 5.58031760494761, 1.67086044221549, 
1.58984455715541, 5.58391038057984, 1.63456211191753, 
1.58984455715541, 5.58387387315464, 1.60270789534479, 
1.58984455715541, 5.58400706806994, 1.6129169771757, 
1.58984455715541, 5.5805698529698, 1.6526127138048, 
1.58984455715541, 5.58061687814489, 1.60348171789074, 
1.58984455715541, 5.58067539359587, 1.79318996824704, 
1.58984455715541, 5.58068060595763, 1.75279988317213, 
1.58984455715541, 5.59221165678342, 1.70341964941732, 
1.58984455715541, 5.59214531440894, 1.68266306994351, 
1.58984455715541, 5.59193957826929, 1.73159797356222, 
1.58984455715541, 5.59212282323637, 1.6775321095474, 
1.58984455715541, 5.59209514426125, 1.76015738850383, 
1.58984455715541, 5.59213635830377, 1.66864529756339, 
1.58984455715541, 5.59436608711308, 1.68272542126217, 
1.58984455715541, 5.59599231126243, 1.63192991643439, 
1.58984455715541, 5.60816231815754, 1.90915745482364, 
1.58984455715541, 5.61174882505333, 1.94213863490548, 
1.58984455715541, 5.60930297397958, 2.05953512303239, 
1.58984455715541, 5.60449409995864, 1.90718999976496, 
1.58984455715541, 5.60433868917284, 1.98840564893864, 
1.58984455715541, 5.60554612850093, 2.21086578671839, 
1.58984455715541, 5.61207732490784, 2.05926117326552, 
1.58984455715541, 5.60560309483217, 2.1776511507542, 
1.58984455715541, 5.62003478739176, 2.13764772721073, 
1.58984455715541, 5.62276197152596, 2.12827777580383, 
1.58984455715541, 5.62278091551071, 2.37618835609541, 
1.58984455715541, 5.62267486202379, 2.21216576553445, 
1.58984455715541, 5.61916807853865, 2.28835370387653, 
1.58984455715541, 5.61596021232542, 2.42071011875746, 
1.58984455715541, 5.61585394414788, 2.50879009968541, 
1.58984455715541, 5.61293069335233, 2.14145652213843, 
1.58984455715541, 5.61296044796474, 2.1310761824921, 
1.58984455715541, 5.61296878863375, 2.24431070886214, 
1.58984455715541, 5.61485460909023, 2.35896811626973, 
1.58984455715541, 5.61138871713452, 2.49312561412949, 
1.58984455715541, 5.61828188065647, 2.46450910548717, 
1.58984455715541, 5.6182089923181, 2.4012707719631, 
1.58984455715541, 5.61814000339467, 2.32836234597643, 
1.58984455715541, 5.61969285131401, 2.65305634773943, 
1.58984455715541, 5.61957069062106, 2.64217828145416, 
1.58984455715541, 5.62312310352354, 2.30709993552713, 
1.58984455715541, 5.62309219292543, 2.40053128232839, 
1.58984455715541, 5.62308936194174, 2.53173097384623, 
1.58984455715541, 5.61949057170903, 2.50329363414233, 
1.58984455715541, 5.62302393321105, 2.51555997039221, 
1.58984455715541, 5.61596980820682, 2.41255132907705, 
1.58984455715541, 5.61950587149057, 2.40210693234192, 
1.58984455715541, 5.61948697367653, 2.29203148395249, 
1.58984455715541, 5.61796167035077, 2.36094658993865, 
1.58984455715541, 5.61796503835224, 2.24405408674714, 
1.58984455715541, 5.61796801255466, 2.35818304241144, 
1.58984455715541, 5.61799123387202, 2.19924362592965, 
1.58984455715541, 5.61863979927822, 1.9551292617836, 
1.58984455715541, 5.6185624402808, 2.12523861412711, 
1.58984455715541, 5.6108410266871, 2.11573460679778, 
1.58984455715541, 5.61849916575565, 2.30821074720999, 
1.58984455715541, 5.62090055709918, 2.28708307777863, 
1.58984455715541, 5.61316905681426, 2.17591089502169, 
1.58984455715541, 5.60975069690313, 2.24921032049339, 
1.58984455715541, 5.60946088010747, 2.14997414716065, 
1.58984455715541, 5.60943327711014, 2.03607466407334, 
1.58984455715541, 5.60912369117616, 2.16229769800963, 
1.58984455715541, 5.61326288101957, 2.10451749415186, 
1.58984455715541, 5.61325533988593, 2.14863490741082, 
1.58984455715541, 5.62088285424545, 1.99323353211864, 
1.58984455715541, 5.620831707522, 2.12419179042314, 
1.58984455715541, 5.61314986761386, 2.17609673381801, 
1.58984455715541, 5.61313114632088, 2.11405306839976, 
1.58984455715541, 5.6208006330275, 2.19453466737225, 
1.58984455715541, 5.62078468125953, 2.05070899587651, 
1.58984455715541, 5.62209357760421, 1.99786499586487, 
1.58984455715541, 5.62205949049767, 1.91958006177417, 
1.58984455715541, 5.61439495221248, 1.99082041852899, 
1.58984455715541, 5.62203973245903, 1.92507414853185, 
1.58984455715541, 5.61433199085758, 1.91525634860891, 
1.58984455715541, 5.61434013374224, 2.06634429380724, 
1.58984455715541, 5.61084140195944, 2.08741352943425, 
1.58984455715541, 5.61090159285142, 2.10133149684509, 
1.58984455715541, 5.61091118550073, 1.92017446175538, 
1.58984455715541, 5.61095841577602, 1.82710001849999, 
1.58984455715541, 5.61651763221897, 1.93564679881779, 
1.58984455715541, 5.61647925936986, 1.81177591060356, 
1.58984455715541, 5.62019364442112, 1.7401619024858, 
1.58984455715541, 5.62016711104661, 1.69061214819712, 
1.58984455715541, 5.62012409387488, 1.68567020695339, 
1.58984455715541, 5.62292930888332, 1.79474259576006, 
1.58984455715541, 5.62424634393705, 1.83478485798808, 
1.58984455715541, 5.62419062353263, 1.78517183637983, 
1.58984455715541, 5.62420224684397, 1.85046784791471, 
1.58984455715541, 5.62423262520698, 1.86458696005442, 
1.58984455715541, 5.62420823361087, 1.82837107734382, 
1.58984455715541, 5.62754521280315, 1.701127945284, 
1.58984455715541, 5.62749101692359, 1.75658828794241, 
1.58984455715541, 5.62619436490233, 1.84003810608516, 
1.58984455715541, 5.62751447422796, 1.74921599036284, 
1.58984455715541, 5.6274920626259, 1.89351932474021, 
1.58984455715541, 5.62620584049552, 1.932435260234, 
1.58984455715541, 5.62749086608878, 1.94323304856273, 
1.58984455715541, 5.62615010671312, 1.88193523169317, 
1.58984455715541, 5.62749214408204, 1.83794583650843, 
1.58984455715541, 5.62755048026215, 1.76668034760713, 
1.58984455715541, 5.62922289620285, 1.78795535759512, 
1.58984455715541, 5.62923426642332, 1.82675880677784, 
1.58984455715541, 5.62925380363151, 1.71781844139565, 
1.58984455715541, 5.62925073625442, 1.76375612711718, 
1.58984455715541, 5.62925964612061, 1.85808689344885, 
1.58984455715541, 5.62927240186513, 1.86719815802341, 
1.58984455715541, 5.62928907180032, 1.7556347518983, 
1.58984455715541, 5.62929633632053, 1.78766638569067, 
1.58984455715541, 5.62783237398642, 1.80821327144999, 
1.58984455715541, 5.62781111643208, 1.80085200433993, 
1.58984455715541, 5.62932069224148, 1.72028972586354, 
1.58984455715541, 5.6278569290787, 1.68223312998269, 
1.58984455715541, 5.63471997762928, 1.64860108012859, 
1.58984455715541, 5.63618645494459, 1.72325911909899, 
1.58984455715541, 5.63846514208514, 1.8220052846742, 
1.58984455715541, 5.64186586957937, 1.98488227105512, 
1.58984455715541, 5.64180342501177, 2.10527777236185, 
1.58984455715541, 5.64866112505432, 2.0731557988413, 
1.58984455715541, 5.64867614134066, 2.07765569002004, 
1.58984455715541, 5.64855322851189, 2.12858639937502, 
1.58984455715541, 5.64934710833409, 2.20595490992761, 
1.58984455715541, 5.64670968205279, 2.11652096421231, 
1.58984455715541, 5.64099469060171, 2.20332758531342, 
1.58984455715541, 5.64229701206501, 2.05236290397181, 
1.58984455715541, 5.64228650641995, 2.28005860114621, 
1.58984455715541, 5.64143436996355, 2.37017057826495, 
1.58984455715541, 5.64225583264845, 2.19668507323003, 
1.58984455715541, 5.64223032426633, 2.13343363410023, 
1.58984455715541, 5.64134413522913, 2.38283252811122, 
1.58984455715541, 5.64550000932703, 2.37156968453655, 
1.58984455715541, 5.64134135215689, 2.30743498689537, 
1.58984455715541, 5.64223104120741, 2.27197679126266, 
1.58984455715541, 5.64223936300229, 2.28430257107087, 
1.58984455715541, 5.64224520900108, 2.43093291230111, 
1.58984455715541, 5.64228183240408, 2.26883710318099, 
1.58984455715541, 5.63844353400674, 2.47138440906244, 
1.58984455715541, 5.63841265297464, 2.42059382872676, 
1.58984455715541, 5.63837922148678, 2.50399950031108, 
1.58984455715541, 5.6383166134429, 2.38820284475461, 
1.58984455715541, 5.6382829080549, 2.39691178943725, 
1.58984455715541, 5.63831653714841, 2.23150944038023, 
1.58984455715541, 5.63443601178914, 2.40537145319663, 
1.58984455715541, 5.63440892609844, 2.50698033092439, 
1.58984455715541, 5.63441157537037, 2.58354463125545, 
1.58984455715541, 5.63445272472181, 2.44499472558319, 
1.58984455715541, 5.63440155550535, 2.48433753071491, 
1.58984455715541, 5.64213759417819, 2.49868787576684, 
1.58984455715541, 5.63884286947778, 2.28442794534245, 
1.58984455715541, 5.63884628502038, 2.29614089779337, 
1.58984455715541, 5.63884908756857, 2.27059193412183, 
1.58984455715541, 5.64246924284009, 2.27466257223017, 
1.58984455715541, 5.64245620348199, 2.30685458633147, 
1.58984455715541, 5.63925341874795, 2.26259028723456, 
1.58984455715541, 5.64570190128518, 2.22312853013681, 
1.58984455715541, 5.64036288202233, 2.2423243389215, 
1.58984455715541, 5.63407616096327, 2.44940484548445, 
1.58984455715541, 5.63622782618606, 2.22266309602411, 
1.58984455715541, 5.63620061933573, 2.05444768621002, 
1.58984455715541, 5.63620896484145, 2.08448714298858, 
1.58984455715541, 5.6361562253472, 1.93611024131576, 
1.58984455715541, 5.62962605251869, 1.97723471048481, 
1.58984455715541, 5.63207739483037, 1.91743541270481, 
1.58984455715541, 5.63522861798582, 1.99923086419505, 
1.58984455715541, 5.63518142779365, 1.96064898114323, 
1.58984455715541, 5.6351629122592, 2.0985919822793, 
1.58984455715541, 5.64092295750803, 1.99436545858698, 
1.58984455715541, 5.63562918438893, 1.90754499764847, 
1.58984455715541, 5.63965091673193, 1.89497663781725, 
1.58984455715541, 5.64177155890327, 2.03185763250637, 
1.58984455715541, 5.6426522563343, 2.00091623735376, 
1.58984455715541, 5.64050594670274, 2.03932171741713, 
1.58984455715541, 5.64108725646277, 1.74972338330376, 
1.58984455715541, 5.64104854905336, 1.81392528788149, 
1.58984455715541, 5.64208868663963, 1.79560917008479, 
1.58984455715541, 5.63892051779365, 1.85932750777258, 
1.58984455715541, 5.63577758477625, 1.99132858988278, 
1.58984455715541, 5.63579422782605, 1.91766693514587, 
1.58984455715541, 5.63891924084566, 1.93411789730278, 
1.58984455715541, 5.63380145742372, 1.94131441100701, 
1.58984455715541, 5.63380869388274, 1.97775326024384, 
1.58984455715541, 5.6472645125913, 1.97541835739536, 
1.58984455715541, 5.65040156486612, 1.82736685515912, 
1.58984455715541, 5.64310316236053, 1.76270107873908, 
1.58984455715541, 5.64121920793233, 1.79029293700809, 
1.58984455715541, 5.64120153082848, 1.89066559418057, 
1.58984455715541, 5.64116249291885, 2.04288161795633, 
1.58984455715541, 5.64114483160394, 2.0457205358739, 
1.58984455715541, 5.64112272868836, 1.77832946511155, 
1.58984455715541, 5.64567946899031, 1.88950949139775, 
1.58984455715541, 5.64853691334926, 1.90075333417657, 
1.58984455715541, 5.64561602460235, 1.9233629215988, 
1.58984455715541, 5.64562827769887, 1.79080556536484, 
1.58984455715541, 5.64565786916918, 1.79135123105425, 
1.58984455715541, 5.64566557651042, 1.65692447001018, 
1.58984455715541, 5.64900875423294, 1.92132592501938, 
1.58984455715541, 5.64899879473376, 1.77690848695753, 
1.58984455715541, 5.64898133812594, 1.90462707099536, 
1.58984455715541, 5.6489710456984, 1.74829060482553, 
1.58984455715541, 5.64731035153785, 1.79969918139268, 
1.58984455715541, 5.65858370065966, 1.75660895361372, 
1.58984455715541, 5.64896650671112, 1.86954533387589, 
1.58984455715541, 5.65089978978666, 1.84980653941616, 
1.58984455715541, 5.65381318064753, 1.74851184409536, 
1.58984455715541, 5.65689012572662, 1.65771534548537, 
1.58984455715541, 5.65471105025627, 1.86002350576845, 
1.58984455715541, 5.65158654321374, 1.86567975518687, 
1.58984455715541, 5.65335432999404, 1.95543324212966, 
1.58984455715541, 5.65425203775295, 1.84953705281721, 
1.58984455715541, 5.65595589885473, 1.83093639195987, 
1.58984455715541, 5.65596689949771, 1.77133077129696, 
1.58984455715541, 5.65598031793839, 1.72136849950508, 
1.58984455715541, 5.655988393957, 1.74613761300084, 
1.58984455715541, 5.65431118706166, 1.73845328243748, 
1.58984455715541, 5.65433987512218, 1.75855817061853, 
1.58984455715541, 5.65894996483236, 1.78423076202375, 
1.58984455715541, 5.66583709930806, 1.87064239597258, 
1.58984455715541, 5.66112057353442, 1.82150110378961, 
1.58984455715541, 5.66270165660828, 1.93049202612775, 
1.58984455715541, 5.65496244799052, 2.01510419665112, 
1.58984455715541, 5.65490238617752, 1.99928335794548, 
1.58984455715541, 5.65102133170057, 2.03257366157744, 
1.58984455715541, 5.65098991329148, 2.01207810462797, 
1.58984455715541, 5.65098924672784, 2.04996220098096, 
1.58984455715541, 5.65093204518159, 2.20249882984409, 
1.58984455715541, 5.650860965958, 2.11996513212888, 
1.58984455715541, 5.65078631966234, 2.14779009386731, 
1.58984455715541, 5.65075226886874, 2.23169950683004, 
1.58984455715541, 5.65421740934816, 2.20763578616352, 
1.58984455715541, 5.65779129334149, 2.14305179554428, 
1.58984455715541, 5.66546688486766, 2.24724937010939, 
1.58984455715541, 5.66543276112407, 2.32103201731275, 
1.58984455715541, 5.65773751919539, 2.48378817295513, 
1.58984455715541, 5.6577084658814, 2.31014205322249, 
1.58984455715541, 5.65407314461676, 2.25328015759498, 
1.58984455715541, 5.65766368514829, 2.27299366766508, 
1.58984455715541, 5.65773991081949, 2.19927027189184, 
1.58984455715541, 5.65002761656626, 2.15658734143595, 
1.58984455715541, 5.65059045735195, 2.39756693973538, 
1.58984455715541, 5.65582178930375, 2.29084035842274, 
1.58984455715541, 5.67364315869071, 2.37348419376184, 
1.58984455715541, 5.67722289962733, 2.28710982232525, 
1.58984455715541, 5.66714444418133, 2.44265953984957, 
1.58984455715541, 5.66714077657663, 2.25859350960015, 
1.58984455715541, 5.66716330766183, 2.15299664186221, 
1.58984455715541, 5.66401596977569, 2.30660813776369, 
1.58984455715541, 5.66399275857488, 2.16967856060497, 
1.58984455715541, 5.66399894895747, 2.31997108195872, 
1.58984455715541, 5.66400024567633, 2.17570332943522, 
1.58984455715541, 5.66403649322732, 2.23536541413255, 
1.58984455715541, 5.66403480295644, 2.17900804464626, 
1.58984455715541, 5.6640621806501, 2.17677171995722, 
1.58984455715541, 5.6640863315474, 2.2112711258515, 
1.58984455715541, 5.66410158579721, 2.04981251170161, 
1.58984455715541, 5.66415455073081, 2.0985566311173, 
1.58984455715541, 5.66414620904827, 2.23613707543319, 
1.58984455715541, 5.66413034958492, 2.18548033077814, 
1.58984455715541, 5.66414883343985, 2.1107062604865, 
1.58984455715541, 5.66413501591965, 2.19396337058228, 
1.58984455715541, 5.6640827421879, 2.12602405251848, 
1.58984455715541, 5.67097127117488, 2.21312260746942, 
1.58984455715541, 5.67095082536524, 2.21892680205408, 
1.58984455715541, 5.67098557791227, 2.09997427521238, 
1.58984455715541, 5.67443873885825, 1.9535044357462, 
1.58984455715541, 5.68212521413997, 1.96226521483596, 
1.58984455715541, 5.68211238486176, 1.97853467343639, 
1.58984455715541, 5.68215048915314, 2.09941150374143, 
1.58984455715541, 5.68212763584773, 2.09593611895831, 
1.58984455715541, 5.68213089519514, 1.95857590208389, 
1.58984455715541, 5.68210061336137, 2.10399089261867, 
1.58984455715541, 5.6821096038983, 2.13784428716659, 
1.58984455715541, 5.68212693223797, 2.0079529984711, 
1.58984455715541, 5.68213932143108, 1.98670175467915, 
1.58984455715541, 5.68214607705692, 1.9099526553503, 
1.58984455715541, 5.68217204003032, 1.88333796257671, 
1.58984455715541, 5.68217557031014, 1.98602382081916, 
1.58984455715541, 5.68216224132012, 2.04060556587044, 
1.58984455715541, 5.68214055451378, 2.01336460197534, 
1.58984455715541, 5.68528127658814, 1.96527539601302, 
1.58984455715541, 5.68530680422219, 1.93939268207381, 
1.58984455715541, 5.68529735518339, 1.93851568013721, 
1.58984455715541, 5.68214219733328, 1.96168084863687, 
1.58984455715541, 5.68214728453249, 1.88861832629992, 
1.58984455715541, 5.68213057078124, 1.88834106521793, 
1.58984455715541, 5.68526933859884, 1.7848540351843, 
1.58984455715541, 5.68524837936235, 1.88559247985013, 
1.58984455715541, 5.6852607605546, 1.9207165803705, 
1.58984455715541, 5.68525656057895, 2.04684473901136, 
1.58984455715541, 5.68524727560881, 2.0110014730363, 
1.58984455715541, 5.68523098588644, 1.85732041311103, 
1.58984455715541, 5.68211148936699, 1.79040550467673, 
1.58984455715541, 5.6813524765352, 1.78226434951667, 
1.58984455715541, 5.68135642549155, 1.83406241653105, 
1.58984455715541, 5.68517913626317, 1.77223525744174, 
1.58984455715541, 5.68517737602997, 1.75117349046169, 
1.58984455715541, 5.68518120696587, 1.87680064867026, 
1.58984455715541, 5.68519380460782, 1.94139369055694, 
1.58984455715541, 5.68520440042744, 1.84482244891653, 
1.58984455715541, 5.68516695229482, 1.83924482760959, 
1.58984455715541, 5.68515331200196, 1.84110615203551, 
1.58984455715541, 5.68516179171726, 1.73865703300388, 
1.58984455715541, 5.68514938568769, 1.69477824699872, 
1.58984455715541, 5.67609406000604, 1.73965799097786, 
1.58984455715541, 5.67608904673133, 1.75683867630456, 
1.58984455715541, 5.67610004892031, 1.77195650499943, 
1.58984455715541, 5.66540421793855, 1.9347391244726, 
1.58984455715541, 5.66910078100973, 1.76865055453387, 
1.58984455715541, 5.66526853921596, 1.81283056791307, 
1.58984455715541, 5.6652397006717, 1.83003758671223, 
1.58984455715541, 5.66524976129171, 1.90537394988674, 
1.58984455715541, 5.67265601965473, 1.86824506425448, 
1.58984455715541, 5.67475759641304, 1.88415476778566, 
1.58984455715541, 5.67267546670264, 1.86125743004435, 
1.58984455715541, 5.67480353848445, 1.78403082868566, 
1.58984455715541, 5.67480450516501, 1.81356048047638, 
1.58984455715541, 5.66764468535569, 1.87834637349919, 
1.58984455715541, 5.66751772078511, 1.8936690470918, 
1.58984455715541, 5.66002546561136, 2.06369620258621, 
1.58984455715541, 5.65993111519834, 1.9329921525119, 
1.58984455715541, 5.65986881255931, 1.99317341590566, 
1.58984455715541, 5.66710337354573, 2.21780360032114, 
1.58984455715541, 5.66706610541184, 2.14098746943594, 
1.58984455715541, 5.67363513805457, 2.06560830325384, 
1.58984455715541, 5.67356901360349, 2.16321822891361, 
1.58984455715541, 5.67354050487372, 2.11250329594128, 
1.58984455715541, 5.67355369917854, 2.27336058009162, 
1.58984455715541, 5.67355042582949, 2.19608846046594, 
1.58984455715541, 5.66858185002549, 2.22109820814549, 
1.58984455715541, 5.66858302547231, 2.32049822684813, 
1.58984455715541, 5.66857453077605, 2.31126658703045, 
1.58984455715541, 5.66859836177565, 2.38761380972259, 
1.58984455715541, 5.66859055478056, 2.22657001256554, 
1.58984455715541, 5.67028291715677, 2.29940649313513, 
1.58984455715541, 5.67028185450082, 2.20108483628685, 
1.58984455715541, 5.67030312492206, 2.3153501792513, 
1.58984455715541, 5.67030261138783, 2.43607813988319, 
1.58984455715541, 5.67033383935877, 2.43117220956296, 
1.58984455715541, 5.67029866325483, 2.46829911925813, 
1.58984455715541, 5.67033114206484, 2.52319603421677, 
1.58984455715541, 5.67035813683002, 2.22433392598853, 
1.58984455715541, 5.67349941871011, 2.44251936795116, 
1.58984455715541, 5.67349764891134, 2.29316384751816, 
1.58984455715541, 5.67348699372124, 2.39709050754981, 
1.58984455715541, 5.67349439985707, 2.32506656709093, 
1.58984455715541, 5.67349431394794, 2.4328595943229, 
1.58984455715541, 5.67351311380675, 2.250431684893, 
1.58984455715541, 5.67351475782663, 2.46644305102477, 
1.58984455715541, 5.67348980387152, 2.2864104854575, 
1.58984455715541, 5.67349117668002, 2.27511020866796, 
1.58984455715541, 5.67349855436442, 2.32403690797631, 
1.58984455715541, 5.68115674016629, 2.18577359681032, 
1.58984455715541, 5.68118106718187, 2.39889487008985, 
1.58984455715541, 5.69118249013561, 2.31146443191489, 
1.58984455715541, 5.680053529817, 2.1442577695611, 
1.58984455715541, 5.68418282350485, 2.11840079074414, 
1.58984455715541, 5.67414631548304, 2.234924821518, 
1.58984455715541, 5.67415006912721, 2.10930862394467, 
1.58984455715541, 5.66993478906694, 2.15676155525535, 
1.58984455715541, 5.66991650938737, 2.23268953146762, 
1.58984455715541, 5.66991760932865, 2.22297282371496, 
1.58984455715541, 5.66990920527666, 2.13607724487169, 
1.58984455715541, 5.67988890788402, 2.10569708622826, 
1.58984455715541, 5.67986483991109, 2.08316767476073, 
1.58984455715541, 5.6836590877072, 2.21544949253687, 
1.58984455715541, 5.68365366936009, 1.98473836977261, 
1.58984455715541, 5.68367688680482, 2.02026987703797, 
1.58984455715541, 5.68367983879053, 2.15836719317981, 
1.58984455715541, 5.68366064929044, 2.2700952826435, 
1.58984455715541, 5.68366754451898, 2.11216645327061, 
1.58984455715541, 5.68369968412813, 2.08559764754527, 
1.58984455715541, 5.6836947520341, 2.09012288762634, 
1.58984455715541, 5.68368525862819, 2.04522658940569, 
1.58984455715541, 5.68366146621345, 1.89350471597508, 
1.58984455715541, 5.69447598602146, 1.82495167989146, 
1.58984455715541, 5.69447556217411, 1.93463025116505, 
1.58984455715541, 5.6944892973459, 1.97837975314241, 
1.58984455715541, 5.69451694656702, 2.13628927303906, 
1.58984455715541, 5.69450423467111, 1.97714614454807, 
1.58984455715541, 5.69452896457812, 2.01532889233568, 
1.58984455715541, 5.69454095515772, 1.95305594192627, 
1.58984455715541, 5.69453612469871, 2.06823117414926, 
1.58984455715541, 5.69452588584739, 2.01671762350665, 
1.58984455715541, 5.69453460879274, 1.83706778817812, 
1.58984455715541, 5.69453707980293, 1.85747650370432, 
1.58984455715541, 5.69454293238482, 1.7738584466287, 
1.58984455715541, 5.69454192113137, 1.94676106907642, 
1.58984455715541, 5.69452538882061, 1.92763508549594, 
1.58984455715541, 5.6945376914432, 1.92226661507865, 
1.58984455715541, 5.69452695520198, 1.95038602596122, 
1.58984455715541, 5.69838495489525, 1.92822424153366, 
1.58984455715541, 5.69838785594486, 1.95021823749626, 
1.58984455715541, 5.69840326697685, 1.95604142481125, 
1.58984455715541, 5.69840521401996, 1.90779469623676, 
1.58984455715541, 5.69844262095997, 1.88528307385271, 
1.58984455715541, 5.69842036331463, 1.83588431181074, 
1.58984455715541, 5.69840225655596, 2.02620780401332, 
1.58984455715541, 5.69842246354295, 1.89467680651299, 
1.58984455715541, 5.69842552103758, 1.90536272350845, 
1.58984455715541, 5.69843988853382, 1.88788638514773, 
1.58984455715541, 5.69843483630136, 1.81782137294731, 
1.58984455715541, 5.69842240766932, 1.81462262793279, 
1.58984455715541, 5.69840756029172, 1.99562416062652, 
1.58984455715541, 5.69424782601407, 1.82822094470147, 
1.58984455715541, 5.69425033970822, 1.88570994602939, 
1.58984455715541, 5.69039857549651, 1.84638667854594, 
1.58984455715541, 5.69422805183495, 1.93634338519456, 
1.58984455715541, 5.69421957760716, 1.91342037739644, 
1.58984455715541, 5.69034439072755, 1.91249140887054, 
1.58984455715541, 5.69033812725388, 1.93800471734311, 
1.58984455715541, 5.69030937992231, 1.92050582526252, 
1.58984455715541, 5.69031959392489, 1.93372224395098, 
1.58984455715541, 5.69032962256873, 1.86908027192872, 
1.58984455715541, 5.69032391380042, 1.80565957647861, 
1.58984455715541, 5.69319852755731, 1.77698488554809, 
1.58984455715541, 5.69720378302764, 1.75130048362737, 
1.58984455715541, 5.69713647778002, 1.96427523474332, 
1.58984455715541, 5.69708705203178, 2.03993509654113, 
1.58984455715541, 5.69702693120423, 1.97456494053574, 
1.58984455715541, 5.6969397709626, 1.97789869860846, 
1.58984455715541, 5.69685732342537, 2.03621798571799, 
1.58984455715541, 5.7034907645283, 1.9933762746202, 
1.58984455715541, 5.70340707331563, 2.08691105620314, 
1.58984455715541, 5.7072178777953, 2.2051120663608, 
1.58984455715541, 5.70717729378124, 2.21118994174999, 
1.58984455715541, 5.70396186593299, 2.21119871025941, 
1.58984455715541, 5.69663551894034, 2.19454318348884, 
1.58984455715541, 5.69662037284637, 2.12380421305064, 
1.58984455715541, 5.69658003558515, 2.15726925398343, 
1.58984455715541, 5.69653499712056, 2.13212732035068, 
1.58984455715541, 5.69653737621158, 2.23285676844498, 
1.58984455715541, 5.69650525017163, 2.21924409692296, 
1.58984455715541, 5.69234416806777, 2.42247776080147, 
1.58984455715541, 5.69235657560872, 2.27470246786627, 
1.58984455715541, 5.69231663145161, 2.36379097495276, 
1.58984455715541, 5.69234747018536, 2.22472297458939, 
1.58984455715541, 5.69231160055931, 2.39723343153177, 
1.58984455715541, 5.69057684674999, 2.29553294233634, 
1.58984455715541, 5.69057136105082, 2.12193318618075, 
1.58984455715541, 5.69055890151219, 2.19503227855639, 
1.58984455715541, 5.69054939203806, 2.09002400309332, 
1.58984455715541, 5.69054518394788, 2.19113712586717, 
1.58984455715541, 5.69053980844283, 2.21893002520229, 
1.58984455715541, 5.69052832188361, 2.20343347184223, 
1.58984455715541, 5.69050470601276, 2.19712768087682, 
1.58984455715541, 5.69048923986776, 2.16467737874517, 
1.58984455715541, 5.68789872171533, 2.14940545486551, 
1.58984455715541, 5.68789993080988, 2.14554232382091, 
1.58984455715541, 5.68791233204213, 2.20335041443824, 
1.58984455715541, 5.69102372201558, 2.2748169999133, 
1.58984455715541, 5.69209446175909, 2.13134979999464, 
1.58984455715541, 5.69210157276257, 2.23128224381587, 
1.58984455715541, 5.6910790922513, 2.34260906245523, 
1.58984455715541, 5.6921044377785, 2.07341234907118, 
1.58984455715541, 5.6910391458858, 2.00850515585477, 
1.58984455715541, 5.69104507998035, 2.22884061798185, 
1.58984455715541, 5.69210405051946, 2.16917838257233, 
1.58984455715541, 5.69212071937734, 2.16405741004656, 
1.58984455715541, 5.69212578175749, 2.26335710966756, 
1.58984455715541, 5.69212299225131, 2.2335055251492, 
1.58984455715541, 5.69210695271927, 2.15451026905196, 
1.58984455715541, 5.69107424028877, 2.14093176450125, 
1.58984455715541, 5.69106600828924, 2.22197359060907, 
1.58984455715541, 5.69108786020919, 2.09613722271377, 
1.58984455715541, 5.6910925411117, 2.10202091801415, 
1.58984455715541, 5.69210857662604, 1.98946654233421, 
1.58984455715541, 5.69211138825217, 2.10050434908364, 
1.58984455715541, 5.69211944230061, 2.2496337951813, 
1.58984455715541, 5.69209647657878, 2.05609509826743, 
1.58984455715541, 5.69211489020584, 2.1344799201339, 
1.58984455715541, 5.69210966693624, 2.12233210473945, 
1.58984455715541, 5.69660426815183, 1.93845289119941, 
1.58984455715541, 5.6966053449123, 1.87503201916302, 
1.58984455715541, 5.69658869036439, 2.02926122648119, 
1.58984455715541, 5.69658246760445, 1.92614694579407, 
1.58984455715541, 5.69656586876788, 1.83432693934229, 
1.58984455715541, 5.69655679863176, 2.04088980871099, 
1.58984455715541, 5.68884425461991, 1.97524307196921, 
1.58984455715541, 5.68887021146427, 1.99880325438533, 
1.58984455715541, 5.68885034274543, 1.9071866733823, 
1.58984455715541, 5.68755332128969, 1.89342250277021, 
1.58984455715541, 5.68757433886265, 1.80240709571799, 
1.58984455715541, 5.6875555694232, 2.00624133146157, 
1.58984455715541, 5.68755993040031, 1.96981327252741, 
1.58984455715541, 5.68754581049807, 1.90037119595712, 
1.58984455715541, 5.68756325790825, 1.85097061356332, 
1.58984455715541, 5.68755778406187, 1.89955446599501, 
1.58984455715541, 5.68753751725063, 1.87908825072917, 
1.58984455715541, 5.68750382830537, 1.89313714724439, 
1.58984455715541, 5.68750119955227, 1.89342757443522, 
1.58984455715541, 5.6875249311438, 1.92149110421195, 
1.58984455715541, 5.68749900809947, 1.77134280930769, 
1.58984455715541, 5.68747954442964, 1.84974817794684, 
1.58984455715541, 5.6838917696414, 1.7601107055083, 
1.58984455715541, 5.68393147150779, 1.75815470618403, 
1.58984455715541, 5.68394553581471, 1.77250205941431, 
1.58984455715541, 5.68396546422773, 1.89564885862327, 
1.58984455715541, 5.67979214880164, 1.95656135417717, 
1.58984455715541, 5.67533354126321, 1.93837088903057, 
1.58984455715541, 5.67530412405026, 1.9958180172566, 
1.58984455715541, 5.67524612353828, 1.94952930723162, 
1.58984455715541, 5.6752682107806, 2.07615926857758, 
1.58984455715541, 5.67524901515702, 1.8105812270835, 
1.58984455715541, 5.67525654869687, 1.88419279815395, 
1.58984455715541, 5.67973169934875, 1.86345981477366, 
1.58984455715541, 5.67526054543477, 1.7791652456076, 
1.58984455715541, 5.67526689768435, 1.91566179923213, 
1.58984455715541, 5.67525473752721, 1.86518459578907, 
1.58984455715541, 5.67528295970054, 1.92357147385803, 
1.58984455715541, 5.67528387249767, 1.88956206992861, 
1.58984455715541, 5.67528771928681, 1.76535822484354, 
1.58984455715541, 5.67977093109072, 1.74656721538078, 
1.58984455715541, 5.67977313840183, 1.70937421855272, 
1.58984455715541, 5.67976040925695, 1.74706540573295, 
1.58984455715541, 5.67974565609448, 1.74446254261619, 
1.58984455715541, 5.68665999264698, 1.69314600712882, 
