0 330 246 2,1
1 285 138 13,0,18
2 366 159 7,18,0,17
3 234 117 5,9
4 365 228 5,10
5 352 384 11,13,3,4
6 164 303 15,12
7 330 236 2,13
8 218 181 19
9 284 266 3,16,11,14
10 198 129 12,14,4,11,18
11 290 168 10,9,5,14
12 395 173 19,6,10,15
13 271 156 7,1,5,16
14 208 229 11,9,10
15 198 384 19,12,6
16 242 104 18,13,9
17 143 201 2,19
18 273 388 10,1,2,16
19 175 387 17,8,12,15

0 159 196 15,3,13,18
1 155 169 16,14,3,4,6,10,19
2 285 163 15,12,4,17
3 281 117 15,1,0,6,9,10
4 274 115 2,1,9,14,16
5 359 221 17,15
6 363 199 3,1,8,11,17
7 322 301 14,16,18,19
8 260 304 6,11,12
9 351 373 3,4
10 380 111 3,1
11 185 144 14,6,8
12 333 328 18,8,2
13 128 106 0,19
14 300 205 4,7,1,11
15 297 318 5,0,2,3
16 146 392 4,1,7
17 387 351 6,2,5
18 339 278 7,0,12
19 262 326 1,7,13

0 154 323 5,3
1 183 179 18,13,7,14
2 287 225 5,10,3
3 198 267 17,2,0,10
4 348 327 16,8
5 101 191 2,0,9
6 245 241 7,16
7 260 179 1,18,6,8,11
8 307 145 7,4,19
9 233 151 5
10 121 237 3,2
11 213 152 7
12 395 397 14,15,17
13 181 387 19,1
14 238 161 1,12
15 354 327 12
16 247 278 19,4,6
17 200 211 12,3,18
18 178 318 17,1,7
19 371 186 8,13,16

0 123 246 5,4,7,12
1 205 301 16,10,19
2 378 172 8,12,13
3 193 154 14,15,6,9
4 391 196 12,0,7,18
5 262 353 10,0
6 317 235 3,10,16
7 133 286 4,0
8 227 141 9,2
9 344 233 3,8,11
10 189 376 6,11,1,5,13,15
11 192 233 9,18,10
12 320 210 2,0,4
13 208 236 2,10
14 137 121 3,17
15 145 269 10,3
16 160 151 6,1
17 190 173 14
18 276 341 4,11
19 364 183 1

0 171 339 15,11
1 207 306 19,7,14
2 107 168 10,3,13
3 105 234 11,5,2,6,12
4 329 221 11,8,10
5 363 161 14,3
6 197 201 3,16
7 372 128 1,10
8 112 222 9,4,15
9 209 182 19,8
10 163 268 7,4,2
11 296 282 17,0,3,4,18
12 291 375 3,13
13 292 257 12,2,14,19
14 111 399 1,13,5
15 215 369 8,0
16 184 147 6,17
17 166 221 11,16
18 390 130 11
19 193 112 13,1,9

0 143 335 3,10,13,14,18
1 386 246 2,19,4,11,12
2 395 276 17,1,18
3 390 202 4,0
4 311 214 1,3,7,15
5 110 325 18,14
6 336 263 9,13,8
7 274 108 4
8 133 375 6,16
9 301 380 17,6
10 171 345 14,0
11 328 325 1,15
12 201 301 1,19
13 325 249 0,6
14 152 175 5,0,10
15 235 363 4,11
16 381 371 8,17
17 140 152 18,16,2,9
18 163 336 2,0,5,17
19 282 172 12,1

0 147 207 10,14,15
1 189 392 18,7,13
2 382 342 16,18
3 182 259 9
4 152 191 18
5 386 269 16,18,14
6 217 133 13
7 330 128 11,1,10
8 361 145 12,11,17
9 117 306 16,3
10 356 137 7,0,16
11 175 387 8,18,7
12 138 216 8
13 356 284 1,6,15
14 209 345 5,0
15 139 276 13,0
16 114 271 10,2,5,9,19
17 109 128 8
18 197 232 2,1,4,5,11
19 145 367 16

0 390 358 9,5,19
1 188 341 19,2,12,17,18
2 197 216 12,1
3 234 335 11,18,7
4 259 357 11,7,8,10
5 145 190 0
6 300 167 19
7 163 149 3,14,4,9,10
8 173 235 4,14,15
9 293 151 7,0
10 363 296 4,7,11,12
11 219 142 10,3,4,18
12 151 149 10,1,2,13
13 198 129 18,12
14 361 184 8,7
15 219 157 8
16 231 213 19
17 116 223 1
18 303 234 11,1,3,13
19 337 166 0,1,6,16

0 355 318 18,11
1 134 377 17
2 245 278 3
3 108 121 14,19,2,18
4 337 157 16
5 131 305 8,16
6 181 185 16,7,19
7 247 351 6
8 267 108 5,15,11,18
9 319 372 16,15
10 370 258 11
11 281 209 8,0,10
12 300 108 13
13 308 295 17,12,14
14 130 326 15,13,3,17
15 253 389 14,8,9
16 100 237 5,4,6,9,19
17 187 366 14,1,13
18 220 232 8,3,0
19 309 194 6,16,3

0 270 141 17,14
1 112 379 14,5
2 292 151 8
3 270 164 6,16
4 195 341 9
5 221 205 1,7
6 272 289 3,11
7 358 306 11,5
8 354 226 2
9 297 328 12,4,13
10 392 283 12,11
11 258 257 6,10,7,14,17
12 259 295 13,9,10
13 141 300 9,12
14 103 347 11,17,0,1,16
15 334 221 19,17
16 298 301 14,19,3,18
17 331 212 11,0,14,15
18 349 390 16,19
19 219 256 18,15,16

