Correct 
0.1 0.1 0.1 1 25774.8 0
0.1 0.1 0.2 1 26292.1 0
0.1 0.1 0.3 1 26701.1 0
0.1 0.1 0.4 1 26459.9 0
0.1 0.1 0.5 1 26151.2 0
0.1 0.1 0.6 1 25796 0
0.1 0.1 0.7 1 25354 0
0.1 0.1 0.8 1 24862.6 0
0.1 0.1 0.9 1 24499.3 0
0.1 0.2 0.1 1 25763.6 0
0.1 0.2 0.2 1 26184.4 0
0.1 0.2 0.3 1 26418.2 0
0.1 0.2 0.4 1 26059.7 0
0.1 0.2 0.5 1 25508.7 0
0.1 0.2 0.6 1 24962.8 0
0.1 0.2 0.7 1 24411.2 0
0.1 0.2 0.8 1 23901.2 0
0.1 0.2 0.9 1 23381.3 0
0.1 0.3 0.1 1 25752.5 0
0.1 0.3 0.2 1 26077.7 0
0.1 0.3 0.3 1 26138.5 0
0.1 0.3 0.4 1 25672.4 0
0.1 0.3 0.5 1 24993.3 0
0.1 0.3 0.6 1 24289.4 0
0.1 0.3 0.7 1 23724.1 0
0.1 0.3 0.8 1 22749.6 0
0.1 0.3 0.9 1 22287.2 0
0.1 0.4 0.1 1 25741.5 0
0.1 0.4 0.2 1 25971.9 0
0.1 0.4 0.3 1 25864.4 0
0.1 0.4 0.4 1 25215.1 0
0.1 0.4 0.5 1 24490.4 0
0.1 0.4 0.6 1 23714 0
0.1 0.4 0.7 1 22642.9 0
0.1 0.4 0.8 1 22247.4 0
0.1 0.4 0.9 1 22236 0
0.1 0.5 0.1 1 25730.6 0
0.1 0.5 0.2 1 25866.8 0
0.1 0.5 0.3 1 25597.8 0
0.1 0.5 0.4 1 24845.3 0
0.1 0.5 0.5 1 23987.1 0
0.1 0.5 0.6 1 22926.9 0
0.1 0.5 0.7 1 22276.8 0
0.1 0.5 0.8 1 22111.5 0
0.1 0.5 0.9 1 22105.8 0
0.1 0.6 0.1 1 25719.7 0
0.1 0.6 0.2 1 25762.4 0
0.1 0.6 0.3 1 25341.1 0
0.1 0.6 0.4 1 24551.2 0
0.1 0.6 0.5 1 23489.8 0
0.1 0.6 0.6 1 22353.1 0
0.1 0.6 0.7 1 22144.1 0
0.1 0.6 0.8 1 22131.8 0
0.1 0.6 0.9 1 22072.9 0
0.1 0.7 0.1 1 25708.9 0
0.1 0.7 0.2 1 25658.5 0
0.1 0.7 0.3 1 25101.3 0
0.1 0.7 0.4 1 24219.3 0
0.1 0.7 0.5 1 22906.6 0
0.1 0.7 0.6 1 22247.6 0
0.1 0.7 0.7 1 22022.6 0
0.1 0.7 0.8 1 22108.4 0
0.1 0.7 0.9 1 22066.8 0
0.1 0.8 0.1 1 25698.2 0
0.1 0.8 0.2 1 25555.1 0
0.1 0.8 0.3 1 24896.7 0
0.1 0.8 0.4 1 23880.7 0
0.1 0.8 0.5 1 22511 0
0.1 0.8 0.6 1 22168.6 0
0.1 0.8 0.7 1 22079.1 0
0.1 0.8 0.8 1 22082.5 0
0.1 0.8 0.9 1 22234.8 0
0.1 0.9 0.1 1 25687.6 0
0.1 0.9 0.2 1 25452 0
0.1 0.9 0.3 1 24771.5 0
0.1 0.9 0.4 1 23567.3 0
0.1 0.9 0.5 1 22372.5 0
0.1 0.9 0.6 1 22100.9 0
0.1 0.9 0.7 1 22132 0
0.1 0.9 0.8 1 22065.8 0
0.1 0.9 0.9 1 22333.6 0
0.2 0.1 0.1 1 25773.8 0
0.2 0.1 0.2 1 25741.5 0
0.2 0.1 0.3 1 25744.8 0
0.2 0.1 0.4 1 25971.9 0
0.2 0.1 0.5 1 26014.1 0
0.2 0.1 0.6 1 25864.4 0
0.2 0.1 0.7 1 25576.9 0
0.2 0.1 0.8 1 25215.1 0
0.2 0.1 0.9 1 24847.3 0
0.2 0.2 0.1 1 25768.4 0
0.2 0.2 0.2 1 25698.2 0
0.2 0.2 0.3 1 25559.1 0
0.2 0.2 0.4 1 25555.1 0
0.2 0.2 0.5 1 25311.7 0
0.2 0.2 0.6 1 24896.7 0
0.2 0.2 0.7 1 24505.3 0
0.2 0.2 0.8 1 23880.7 0
0.2 0.2 0.9 1 23136.7 0
0.2 0.3 0.1 1 25763 0
0.2 0.3 0.2 1 25656.2 0
0.2 0.3 0.3 1 25383.6 0
0.2 0.3 0.4 1 25142.9 0
0.2 0.3 0.5 1 24794.2 0
0.2 0.3 0.6 1 24266.2 0
0.2 0.3 0.7 1 23487.4 0
0.2 0.3 0.8 1 22573.5 0
0.2 0.3 0.9 1 22422.3 0
0.2 0.4 0.1 1 25757.7 0
0.2 0.4 0.2 1 25615.4 0
0.2 0.4 0.3 1 25254.8 0
0.2 0.4 0.4 1 24742.8 0
0.2 0.4 0.5 1 24372.3 0
0.2 0.4 0.6 1 23519.5 0
0.2 0.4 0.7 1 22582.6 0
0.2 0.4 0.8 1 22473.5 0
0.2 0.4 0.9 1 22201.4 0
0.2 0.5 0.1 1 25752.3 0
0.2 0.5 0.2 1 25575.7 0
0.2 0.5 0.3 1 25141.7 0
0.2 0.5 0.4 1 24674.8 0
0.2 0.5 0.5 1 23855.3 0
0.2 0.5 0.6 1 22933.5 0
0.2 0.5 0.7 1 22469.1 0
0.2 0.5 0.8 1 22257.7 0
0.2 0.5 0.9 1 22124.4 0
0.2 0.6 0.1 1 25747 0
0.2 0.6 0.2 1 25537 0
0.2 0.6 0.3 1 25037.8 0
0.2 0.6 0.4 1 24306.9 0
0.2 0.6 0.5 1 23435.9 0
0.2 0.6 0.6 1 22581.9 0
0.2 0.6 0.7 1 22471.3 0
0.2 0.6 0.8 1 22175.9 0
0.2 0.6 0.9 1 22029.3 0
0.2 0.7 0.1 1 25741.7 0
0.2 0.7 0.2 1 25499.3 0
0.2 0.7 0.3 1 24944.5 0
0.2 0.7 0.4 1 24109.9 0
0.2 0.7 0.5 1 23145.6 0
0.2 0.7 0.6 1 22496.6 0
0.2 0.7 0.7 1 22292.1 0
0.2 0.7 0.8 1 22125.5 0
0.2 0.7 0.9 1 22016.1 0
0.2 0.8 0.1 1 25736.4 0
0.2 0.8 0.2 1 25462.2 0
0.2 0.8 0.3 1 24858.4 0
0.2 0.8 0.4 1 23908.3 0
0.2 0.8 0.5 1 22429.8 0
0.2 0.8 0.6 1 22467.3 0
0.2 0.8 0.7 1 22216.7 0
0.2 0.8 0.8 1 22048.7 0
0.2 0.8 0.9 1 22102.7 0
0.2 0.9 0.1 1 25731.1 0
0.2 0.9 0.2 1 25425.5 0
0.2 0.9 0.3 1 24769.3 0
0.2 0.9 0.4 1 23681.1 0
0.2 0.9 0.5 1 22666.3 0
0.2 0.9 0.6 1 22462.6 0
0.2 0.9 0.7 1 22166.5 0
0.2 0.9 0.8 1 22005.3 0
0.2 0.9 0.9 1 22109.8 0
0.3 0.1 0.1 1 25775.6 0
0.3 0.1 0.2 1 25750.6 0
0.3 0.1 0.3 1 25687.6 0
0.3 0.1 0.4 1 25566.3 0
0.3 0.1 0.5 1 25472.1 0
0.3 0.1 0.6 1 25452 0
0.3 0.1 0.7 1 25275.5 0
0.3 0.1 0.8 1 24992 0
0.3 0.1 0.9 1 24771.5 0
0.3 0.2 0.1 1 25772 0
0.3 0.2 0.2 1 25722.4 0
0.3 0.2 0.3 1 25595.4 0
0.3 0.2 0.4 1 25359.5 0
0.3 0.2 0.5 1 25002.5 0
0.3 0.2 0.6 1 24516.6 0
0.3 0.2 0.7 1 24377.8 0
0.3 0.2 0.8 1 23822.1 0
0.3 0.2 0.9 1 23142.9 0
0.3 0.3 0.1 1 25768.4 0
0.3 0.3 0.2 1 25694.6 0
0.3 0.3 0.3 1 25508.6 0
0.3 0.3 0.4 1 25182 0
0.3 0.3 0.5 1 24726.7 0
0.3 0.3 0.6 1 24154.9 0
0.3 0.3 0.7 1 23528.3 0
0.3 0.3 0.8 1 22601.8 0
0.3 0.3 0.9 1 22513 0
0.3 0.4 0.1 1 25764.8 0
0.3 0.4 0.2 1 25667.2 0
0.3 0.4 0.3 1 25425.5 0
0.3 0.4 0.4 1 25033.1 0
0.3 0.4 0.5 1 24433.3 0
0.3 0.4 0.6 1 23681.1 0
0.3 0.4 0.7 1 23050.9 0
0.3 0.4 0.8 1 22551.1 0
0.3 0.4 0.9 1 22462.6 0
0.3 0.5 0.1 1 25761.2 0
0.3 0.5 0.2 1 25640.1 0
0.3 0.5 0.3 1 25330.3 0
0.3 0.5 0.4 1 24911.1 0
0.3 0.5 0.5 1 24083.3 0
0.3 0.5 0.6 1 23261.8 0
0.3 0.5 0.7 1 22661.7 0
0.3 0.5 0.8 1 22467.7 0
0.3 0.5 0.9 1 22277.8 0
0.3 0.6 0.1 1 25757.7 0
0.3 0.6 0.2 1 25613.2 0
0.3 0.6 0.3 1 25233.3 0
0.3 0.6 0.4 1 24688 0
0.3 0.6 0.5 1 23738.5 0
0.3 0.6 0.6 1 23079.5 0
0.3 0.6 0.7 1 22550 0
0.3 0.6 0.8 1 22465.6 0
0.3 0.6 0.9 1 22180.8 0
0.3 0.7 0.1 1 25754.1 0
0.3 0.7 0.2 1 25586.4 0
0.3 0.7 0.3 1 25139.8 0
0.3 0.7 0.4 1 24329.7 0
0.3 0.7 0.5 1 23501 0
0.3 0.7 0.6 1 22483.4 0
0.3 0.7 0.7 1 22478.5 0
0.3 0.7 0.8 1 22285.2 0
0.3 0.7 0.9 1 22125.5 0
0.3 0.8 0.1 1 25750.6 0
0.3 0.8 0.2 1 25559.7 0
0.3 0.8 0.3 1 25057.7 0
0.3 0.8 0.4 1 24134 0
0.3 0.8 0.5 1 23355.9 0
0.3 0.8 0.6 1 22663.4 0
0.3 0.8 0.7 1 22460.9 0
0.3 0.8 0.8 1 22205.8 0
0.3 0.8 0.9 1 22057.5 0
0.3 0.9 0.1 1 25747 0
0.3 0.9 0.2 1 25533 0
0.3 0.9 0.3 1 24977.3 0
0.3 0.9 0.4 1 23998 0
0.3 0.9 0.5 1 23231.5 0
0.3 0.9 0.6 1 22589.9 0
0.3 0.9 0.7 1 22462.9 0
0.3 0.9 0.8 1 22151.6 0
0.3 0.9 0.9 1 21997.1 0
0.4 0.1 0.1 1 25776.5 0
0.4 0.1 0.2 1 25757.7 0
0.4 0.1 0.3 1 25707.6 0
0.4 0.1 0.4 1 25615.4 0
0.4 0.1 0.5 1 25465.8 0
0.4 0.1 0.6 1 25254.8 0
0.4 0.1 0.7 1 25010.3 0
0.4 0.1 0.8 1 24742.8 0
0.4 0.1 0.9 1 24848.8 0
0.4 0.2 0.1 1 25773.8 0
0.4 0.2 0.2 1 25736.4 0
0.4 0.2 0.3 1 25638.4 0
0.4 0.2 0.4 1 25462.2 0
0.4 0.2 0.5 1 25199.5 0
0.4 0.2 0.6 1 24858.4 0
0.4 0.2 0.7 1 24409.8 0
0.4 0.2 0.8 1 23908.3 0
0.4 0.2 0.9 1 23368.7 0
0.4 0.3 0.1 1 25771.1 0
0.4 0.3 0.2 1 25715.4 0
0.4 0.3 0.3 1 25570.5 0
0.4 0.3 0.4 1 25298.2 0
0.4 0.3 0.5 1 25007.1 0
0.4 0.3 0.6 1 24389.5 0
0.4 0.3 0.7 1 23740.5 0
0.4 0.3 0.8 1 23193.8 0
0.4 0.3 0.9 1 22677.6 0
0.4 0.4 0.1 1 25768.4 0
0.4 0.4 0.2 1 25694.6 0
0.4 0.4 0.3 1 25503.2 0
0.4 0.4 0.4 1 25130.6 0
0.4 0.4 0.5 1 24364.2 0
0.4 0.4 0.6 1 23891.2 0
0.4 0.4 0.7 1 23321.9 0
0.4 0.4 0.8 1 22612.2 0
0.4 0.4 0.9 1 22515.4 0
0.4 0.5 0.1 1 25765.7 0
0.4 0.5 0.2 1 25674.1 0
0.4 0.5 0.3 1 25436.4 0
0.4 0.5 0.4 1 24986.2 0
0.4 0.5 0.5 1 24203.7 0
0.4 0.5 0.6 1 23598 0
0.4 0.5 0.7 1 23093.9 0
0.4 0.5 0.8 1 22598.1 0
0.4 0.5 0.9 1 22460.8 0
0.4 0.6 0.1 1 25763 0
0.4 0.6 0.2 1 25653.6 0
0.4 0.6 0.3 1 25370.2 0
0.4 0.6 0.4 1 24840.3 0
0.4 0.6 0.5 1 24028.8 0
0.4 0.6 0.6 1 23395.1 0
0.4 0.6 0.7 1 22643.6 0
0.4 0.6 0.8 1 22492.6 0
0.4 0.6 0.9 1 22393.6 0
0.4 0.7 0.1 1 25760.3 0
0.4 0.7 0.2 1 25633.4 0
0.4 0.7 0.3 1 25304.8 0
0.4 0.7 0.4 1 24645.3 0
0.4 0.7 0.5 1 23865.3 0
0.4 0.7 0.6 1 23231.3 0
0.4 0.7 0.7 1 22644.5 0
0.4 0.7 0.8 1 22461.4 0
0.4 0.7 0.9 1 22234.8 0
0.4 0.8 0.1 1 25757.7 0
0.4 0.8 0.2 1 25613.2 0
0.4 0.8 0.3 1 25240.3 0
0.4 0.8 0.4 1 24428.6 0
0.4 0.8 0.5 1 23707.4 0
0.4 0.8 0.6 1 23099.5 0
0.4 0.8 0.7 1 22555.9 0
0.4 0.8 0.8 1 22460.2 0
0.4 0.8 0.9 1 22164.1 0
0.4 0.9 0.1 1 25755 0
0.4 0.9 0.2 1 25593.1 0
0.4 0.9 0.3 1 25177.1 0
0.4 0.9 0.4 1 24313.7 0
0.4 0.9 0.5 1 23570.3 0
0.4 0.9 0.6 1 23631.4 0
0.4 0.9 0.7 1 22492.2 0
0.4 0.9 0.8 1 22306.3 0
0.4 0.9 0.9 1 22116 0
0.5 0.1 0.1 1 25777 0
0.5 0.1 0.2 1 25762 0
0.5 0.1 0.3 1 25721.7 0
0.5 0.1 0.4 1 25645.5 0
0.5 0.1 0.5 1 25527.5 0
0.5 0.1 0.6 1 25358.2 0
0.5 0.1 0.7 1 25141.2 0
0.5 0.1 0.8 1 24873.9 0
0.5 0.1 0.9 1 24596.4 0
0.5 0.2 0.1 1 25774.9 0
0.5 0.2 0.2 1 25744.9 0
0.5 0.2 0.3 1 25665.9 0
0.5 0.2 0.4 1 25517.1 0
0.5 0.2 0.5 1 25276.6 0
0.5 0.2 0.6 1 25048.6 0
0.5 0.2 0.7 1 24606.9 0
0.5 0.2 0.8 1 24063.6 0
0.5 0.2 0.9 1 23533.6 0
0.5 0.3 0.1 1 25772.7 0
0.5 0.3 0.2 1 25728 0
0.5 0.3 0.3 1 25611.2 0
0.5 0.3 0.4 1 25390.7 0
0.5 0.3 0.5 1 25030.8 0
0.5 0.3 0.6 1 24354.6 0
0.5 0.3 0.7 1 23920.8 0
0.5 0.3 0.8 1 23447.2 0
0.5 0.3 0.9 1 23077.6 0
0.5 0.4 0.1 1 25770.5 0
0.5 0.4 0.2 1 25711.2 0
0.5 0.4 0.3 1 25557 0
0.5 0.4 0.4 1 25266.9 0
0.5 0.4 0.5 1 24799.6 0
0.5 0.4 0.6 1 24110.9 0
0.5 0.4 0.7 1 23586.4 0
0.5 0.4 0.8 1 23142.2 0
0.5 0.4 0.9 1 22660.9 0
0.5 0.5 0.1 1 25768.4 0
0.5 0.5 0.2 1 25694.6 0
0.5 0.5 0.3 1 25503.2 0
0.5 0.5 0.4 1 25147.2 0
0.5 0.5 0.5 1 24459.3 0
0.5 0.5 0.6 1 23885.1 0
0.5 0.5 0.7 1 23340.4 0
0.5 0.5 0.8 1 22640.4 0
0.5 0.5 0.9 1 22518.6 0
0.5 0.6 0.1 1 25766.3 0
0.5 0.6 0.2 1 25678.2 0
0.5 0.6 0.3 1 25449.7 0
0.5 0.6 0.4 1 25032 0
0.5 0.6 0.5 1 24275.9 0
0.5 0.6 0.6 1 23669.7 0
0.5 0.6 0.7 1 23148.1 0
0.5 0.6 0.8 1 22632.9 0
0.5 0.6 0.9 1 22463.6 0
0.5 0.7 0.1 1 25764.1 0
0.5 0.7 0.2 1 25661.8 0
0.5 0.7 0.3 1 25396.6 0
0.5 0.7 0.4 1 24918.5 0
0.5 0.7 0.5 1 24125.4 0
0.5 0.7 0.6 1 23492.9 0
0.5 0.7 0.7 1 23301.1 0
0.5 0.7 0.8 1 22530.8 0
0.5 0.7 0.9 1 22458.7 0
0.5 0.8 0.1 1 25762 0
0.5 0.8 0.2 1 25645.5 0
0.5 0.8 0.3 1 25343.9 0
0.5 0.8 0.4 1 24792.2 0
0.5 0.8 0.5 1 23995.9 0
0.5 0.8 0.6 1 23347.3 0
0.5 0.8 0.7 1 22703.6 0
0.5 0.8 0.8 1 22474.8 0
0.5 0.8 0.9 1 22289.5 0
0.5 0.9 0.1 1 25759.8 0
0.5 0.9 0.2 1 25629.3 0
0.5 0.9 0.3 1 25291.8 0
0.5 0.9 0.4 1 24615.8 0
0.5 0.9 0.5 1 23862.1 0
0.5 0.9 0.6 1 23221.7 0
0.5 0.9 0.7 1 22635.7 0
0.5 0.9 0.8 1 22458.1 0
0.5 0.9 0.9 1 22208 0
0.6 0.1 0.1 1 25777.4 0
0.6 0.1 0.2 1 25764.8 0
0.6 0.1 0.3 1 25731.1 0
0.6 0.1 0.4 1 25667.2 0
0.6 0.1 0.5 1 25564.7 0
0.6 0.1 0.6 1 25425.5 0
0.6 0.1 0.7 1 25244.2 0
0.6 0.1 0.8 1 25033.1 0
0.6 0.1 0.9 1 24769.3 0
0.6 0.2 0.1 1 25775.6 0
0.6 0.2 0.2 1 25750.6 0
0.6 0.2 0.3 1 25684.3 0
0.6 0.2 0.4 1 25559.7 0
0.6 0.2 0.5 1 25358.8 0
0.6 0.2 0.6 1 25057.7 0
0.6 0.2 0.7 1 24605.4 0
0.6 0.2 0.8 1 24134 0
0.6 0.2 0.9 1 23720.8 0
0.6 0.3 0.1 1 25773.8 0
0.6 0.3 0.2 1 25736.4 0
0.6 0.3 0.3 1 25638.4 0
0.6 0.3 0.4 1 25453.6 0
0.6 0.3 0.5 1 25160.9 0
0.6 0.3 0.6 1 24703.3 0
0.6 0.3 0.7 1 24122.1 0
0.6 0.3 0.8 1 23672.1 0
0.6 0.3 0.9 1 23270 0
0.6 0.4 0.1 1 25772 0
0.6 0.4 0.2 1 25722.4 0
0.6 0.4 0.3 1 25593.1 0
0.6 0.4 0.4 1 25349.1 0
0.6 0.4 0.5 1 24974.3 0
0.6 0.4 0.6 1 24313.7 0
0.6 0.4 0.7 1 23821.8 0
0.6 0.4 0.8 1 23350.2 0
0.6 0.4 0.9 1 23631.3 0
0.6 0.5 0.1 1 25770.2 0
0.6 0.5 0.2 1 25708.5 0
0.6 0.5 0.3 1 25548 0
0.6 0.5 0.4 1 25246.6 0
0.6 0.5 0.5 1 24771.7 0
0.6 0.5 0.6 1 24098.7 0
0.6 0.5 0.7 1 23559.7 0
0.6 0.5 0.8 1 23119.3 0
0.6 0.5 0.9 1 22643.4 0
0.6 0.6 0.1 1 25768.4 0
0.6 0.6 0.2 1 25694.6 0
0.6 0.6 0.3 1 25503.2 0
0.6 0.6 0.4 1 25147.2 0
0.6 0.6 0.5 1 24480 0
0.6 0.6 0.6 1 23910.2 0
0.6 0.6 0.7 1 23358.3 0
0.6 0.6 0.8 1 22669.1 0
0.6 0.6 0.9 1 22522.6 0
0.6 0.7 0.1 1 25766.6 0
0.6 0.7 0.2 1 25680.9 0
0.6 0.7 0.3 1 25458.6 0
0.6 0.7 0.4 1 25051 0
0.6 0.7 0.5 1 24323.8 0
0.6 0.7 0.6 1 23726.6 0
0.6 0.7 0.7 1 23194 0
0.6 0.7 0.8 1 22660.8 0
0.6 0.7 0.9 1 22468.1 0
0.6 0.8 0.1 1 25764.8 0
0.6 0.8 0.2 1 25667.2 0
0.6 0.8 0.3 1 25414.3 0
0.6 0.8 0.4 1 24956.6 0
0.6 0.8 0.5 1 24195.6 0
0.6 0.8 0.6 1 23570.1 0
0.6 0.8 0.7 1 23107.6 0
0.6 0.8 0.8 1 22567.9 0
0.6 0.8 0.9 1 22455.6 0
0.6 0.9 0.1 1 25763 0
0.6 0.9 0.2 1 25653.6 0
0.6 0.9 0.3 1 25370.2 0
0.6 0.9 0.4 1 24858.9 0
0.6 0.9 0.5 1 24083.9 0
0.6 0.9 0.6 1 23437.7 0
0.6 0.9 0.7 1 22702.5 0
0.6 0.9 0.8 1 22499.2 0
0.6 0.9 0.9 1 22372.8 0
0.7 0.1 0.1 1 25777.6 0
0.7 0.1 0.2 1 25766.9 0
0.7 0.1 0.3 1 25737.9 0
0.7 0.1 0.4 1 25682.9 0
0.7 0.1 0.5 1 25594.5 0
0.7 0.1 0.6 1 25465 0
0.7 0.1 0.7 1 25287.4 0
0.7 0.1 0.8 1 25127 0
0.7 0.1 0.9 1 24951.3 0
0.7 0.2 0.1 1 25776.1 0
0.7 0.2 0.2 1 25754.6 0
0.7 0.2 0.3 1 25697.6 0
0.7 0.2 0.4 1 25590.2 0
0.7 0.2 0.5 1 25417.1 0
0.7 0.2 0.6 1 25168.2 0
0.7 0.2 0.7 1 24820.4 0
0.7 0.2 0.8 1 24278.6 0
0.7 0.2 0.9 1 23917.7 0
0.7 0.3 0.1 1 25774.5 0
0.7 0.3 0.2 1 25742.5 0
0.7 0.3 0.3 1 25658 0
0.7 0.3 0.4 1 25498.9 0
0.7 0.3 0.5 1 25244.3 0
0.7 0.3 0.6 1 24891.4 0
0.7 0.3 0.7 1 24294.8 0
0.7 0.3 0.8 1 23873.2 0
0.7 0.3 0.9 1 23449.4 0
0.7 0.4 0.1 1 25773 0
0.7 0.4 0.2 1 25730.4 0
0.7 0.4 0.3 1 25618.9 0
0.7 0.4 0.4 1 25408.6 0
0.7 0.4 0.5 1 25079.9 0
0.7 0.4 0.6 1 24498.2 0
0.7 0.4 0.7 1 24016.8 0
0.7 0.4 0.8 1 23535.6 0
0.7 0.4 0.9 1 23144.1 0
0.7 0.5 0.1 1 25771.5 0
0.7 0.5 0.2 1 25718.4 0
0.7 0.5 0.3 1 25580.2 0
0.7 0.5 0.4 1 25319.6 0
0.7 0.5 0.5 1 24921.3 0
0.7 0.5 0.6 1 24271 0
0.7 0.5 0.7 1 23760.3 0
0.7 0.5 0.8 1 23292 0
0.7 0.5 0.9 1 22703 0
0.7 0.6 0.1 1 25769.9 0
0.7 0.6 0.2 1 25706.5 0
0.7 0.6 0.3 1 25541.6 0
0.7 0.6 0.4 1 25232.2 0
0.7 0.6 0.5 1 24734.3 0
0.7 0.6 0.6 1 24095.8 0
0.7 0.6 0.7 1 23546.5 0
0.7 0.6 0.8 1 23114.2 0
0.7 0.6 0.9 1 22631.7 0
0.7 0.7 0.1 1 25768.4 0
0.7 0.7 0.2 1 25694.6 0
0.7 0.7 0.3 1 25503.2 0
0.7 0.7 0.4 1 25147.2 0
0.7 0.7 0.5 1 24480 0
0.7 0.7 0.6 1 23934.5 0
0.7 0.7 0.7 1 23375.7 0
0.7 0.7 0.8 1 22697.9 0
0.7 0.7 0.9 1 22527 0
0.7 0.8 0.1 1 25766.9 0
0.7 0.8 0.2 1 25682.9 0
0.7 0.8 0.3 1 25465 0
0.7 0.8 0.4 1 25064.5 0
0.7 0.8 0.5 1 24342.4 0
0.7 0.8 0.6 1 23774.4 0
0.7 0.8 0.7 1 23232.6 0
0.7 0.8 0.8 1 22684.5 0
0.7 0.8 0.9 1 22473.9 0
0.7 0.9 0.1 1 25765.3 0
0.7 0.9 0.2 1 25671.1 0
0.7 0.9 0.3 1 25426.9 0
0.7 0.9 0.4 1 24983.5 0
0.7 0.9 0.5 1 24231.3 0
0.7 0.9 0.6 1 23634.2 0
0.7 0.9 0.7 1 23127.1 0
0.7 0.9 0.8 1 22600.7 0
0.7 0.9 0.9 1 22457.5 0
0.8 0.1 0.1 1 25777.8 0
0.8 0.1 0.2 1 25768.4 0
0.8 0.1 0.3 1 25743 0
0.8 0.1 0.4 1 25694.6 0
0.8 0.1 0.5 1 25616.9 0
0.8 0.1 0.6 1 25503.2 0
0.8 0.1 0.7 1 25347.1 0
0.8 0.1 0.8 1 25130.6 0
0.8 0.1 0.9 1 24945.2 0
0.8 0.2 0.1 1 25776.5 0
0.8 0.2 0.2 1 25757.7 0
0.8 0.2 0.3 1 25707.6 0
0.8 0.2 0.4 1 25613.2 0
0.8 0.2 0.5 1 25461.1 0
0.8 0.2 0.6 1 25240.3 0
0.8 0.2 0.7 1 24952.9 0
0.8 0.2 0.8 1 24428.6 0
0.8 0.2 0.9 1 24069.6 0
0.8 0.3 0.1 1 25775.1 0
0.8 0.3 0.2 1 25747 0
0.8 0.3 0.3 1 25672.8 0
0.8 0.3 0.4 1 25533.1 0
0.8 0.3 0.5 1 25308.4 0
0.8 0.3 0.6 1 24994.9 0
0.8 0.3 0.7 1 24443.7 0
0.8 0.3 0.8 1 24037.4 0
0.8 0.3 0.9 1 23615.4 0
0.8 0.4 0.1 1 25773.8 0
0.8 0.4 0.2 1 25736.4 0
0.8 0.4 0.3 1 25638.4 0
0.8 0.4 0.4 1 25453.7 0
0.8 0.4 0.5 1 25160.9 0
0.8 0.4 0.6 1 24722.8 0
0.8 0.4 0.7 1 24167.1 0
0.8 0.4 0.8 1 23707.9 0
0.8 0.4 0.9 1 23297.2 0
0.8 0.5 0.1 1 25772.4 0
0.8 0.5 0.2 1 25725.9 0
0.8 0.5 0.3 1 25604.4 0
0.8 0.5 0.4 1 25375.1 0
0.8 0.5 0.5 1 25020.3 0
0.8 0.5 0.6 1 24393.7 0
0.8 0.5 0.7 1 23939.9 0
0.8 0.5 0.8 1 23451.4 0
0.8 0.5 0.9 1 23110.1 0
0.8 0.6 0.1 1 25771.1 0
0.8 0.6 0.2 1 25715.4 0
0.8 0.6 0.3 1 25570.5 0
0.8 0.6 0.4 1 25297.5 0
0.8 0.6 0.5 1 24880.4 0
0.8 0.6 0.6 1 24223.5 0
0.8 0.6 0.7 1 23721.7 0
0.8 0.6 0.8 1 23254.6 0
0.8 0.6 0.9 1 22723.3 0
0.8 0.7 0.1 1 25769.7 0
0.8 0.7 0.2 1 25705 0
0.8 0.7 0.3 1 25536.8 0
0.8 0.7 0.4 1 25221.4 0
0.8 0.7 0.5 1 24703.7 0
0.8 0.7 0.6 1 24076.3 0
0.8 0.7 0.7 1 23541.2 0
0.8 0.7 0.8 1 23122.5 0
0.8 0.7 0.9 1 22624.4 0
0.8 0.8 0.1 1 25768.4 0
0.8 0.8 0.2 1 25694.6 0
0.8 0.8 0.3 1 25503.2 0
0.8 0.8 0.4 1 25147.2 0
0.8 0.8 0.5 1 24480 0
0.8 0.8 0.6 1 23935.1 0
0.8 0.8 0.7 1 23392.5 0
0.8 0.8 0.8 1 22726.4 0
0.8 0.8 0.9 1 22532 0
0.8 0.9 0.1 1 25767.1 0
0.8 0.9 0.2 1 25684.3 0
0.8 0.9 0.3 1 25469.7 0
0.8 0.9 0.4 1 25074.7 0
0.8 0.9 0.5 1 24356.5 0
0.8 0.9 0.6 1 23796 0
0.8 0.9 0.7 1 23265.8 0
0.8 0.9 0.8 1 22705.7 0
0.8 0.9 0.9 1 22480.5 0
0.9 0.1 0.1 1 25778 0
0.9 0.1 0.2 1 25769.6 0
0.9 0.1 0.3 1 25747 0
0.9 0.1 0.4 1 25703.8 0
0.9 0.1 0.5 1 25634.5 0
0.9 0.1 0.6 1 25533.1 0
0.9 0.1 0.7 1 25393.5 0
0.9 0.1 0.8 1 25213.1 0
0.9 0.1 0.9 1 24977.3 0
0.9 0.2 0.1 1 25776.8 0
0.9 0.2 0.2 1 25760.1 0
0.9 0.2 0.3 1 25715.4 0
0.9 0.2 0.4 1 25631.1 0
0.9 0.2 0.5 1 25495.5 0
0.9 0.2 0.6 1 25297.5 0
0.9 0.2 0.7 1 25037.1 0
0.9 0.2 0.8 1 24637.9 0
0.9 0.2 0.9 1 24201 0
0.9 0.3 0.1 1 25775.6 0
0.9 0.3 0.2 1 25750.6 0
0.9 0.3 0.3 1 25684.3 0
0.9 0.3 0.4 1 25559.7 0
0.9 0.3 0.5 1 25358.8 0
0.9 0.3 0.6 1 25074.7 0
0.9 0.3 0.7 1 24629.2 0
0.9 0.3 0.8 1 24169.1 0
0.9 0.3 0.9 1 23770.1 0
0.9 0.4 0.1 1 25774.4 0
0.9 0.4 0.2 1 25741.1 0
0.9 0.4 0.3 1 25653.6 0
0.9 0.4 0.4 1 25488.8 0
0.9 0.4 0.5 1 25225.6 0
0.9 0.4 0.6 1 24858.9 0
0.9 0.4 0.7 1 24282.5 0
0.9 0.4 0.8 1 23866.6 0
0.9 0.4 0.9 1 23437.7 0
0.9 0.5 0.1 1 25773.2 0
0.9 0.5 0.2 1 25731.7 0
0.9 0.5 0.3 1 25623.3 0
0.9 0.5 0.4 1 25418.6 0
0.9 0.5 0.5 1 25097.7 0
0.9 0.5 0.6 1 24543.4 0
0.9 0.5 0.7 1 24068.5 0
0.9 0.5 0.8 1 23600.8 0
0.9 0.5 0.9 1 23198.4 0
0.9 0.6 0.1 1 25772 0
0.9 0.6 0.2 1 25722.4 0
0.9 0.6 0.3 1 25593.1 0
0.9 0.6 0.4 1 25349.1 0
0.9 0.6 0.5 1 24974.3 0
0.9 0.6 0.6 1 24335.3 0
0.9 0.6 0.7 1 23868.3 0
0.9 0.6 0.8 1 23395.7 0
0.9 0.6 0.9 1 22632 0
0.9 0.7 0.1 1 25770.8 0
0.9 0.7 0.2 1 25713.1 0
0.9 0.7 0.3 1 25563 0
0.9 0.7 0.4 1 25280.5 0
0.9 0.7 0.5 1 24846.9 0
0.9 0.7 0.6 1 24187.8 0
0.9 0.7 0.7 1 23685.7 0
0.9 0.7 0.8 1 23230.4 0
0.9 0.7 0.9 1 22715.9 0
0.9 0.8 0.1 1 25769.6 0
0.9 0.8 0.2 1 25703.8 0
0.9 0.8 0.3 1 25533.1 0
0.9 0.8 0.4 1 25213.1 0
0.9 0.8 0.5 1 24678.5 0
0.9 0.8 0.6 1 24061.2 0
0.9 0.8 0.7 1 23532.6 0
0.9 0.8 0.8 1 23141.6 0
0.9 0.8 0.9 1 22620.3 0
0.9 0.9 0.1 1 25768.4 0
0.9 0.9 0.2 1 25694.6 0
0.9 0.9 0.3 1 25503.2 0
0.9 0.9 0.4 1 25147.2 0
0.9 0.9 0.5 1 24480 0
0.9 0.9 0.6 1 23935.1 0
0.9 0.9 0.7 1 23403.7 0
0.9 0.9 0.8 1 22754.5 0
0.9 0.9 0.9 1 22537.3 0
