Correct 
0 0 0 53.3694 0
0 0.1 0 52.6343 0
0 0.2 0 52.9098 0
0 0.3 0 53.2608 0
0 0.4 0 53.6523 0
0 0.5 0 54.0659 0
0 0.6 0 54.4927 0
0 0.7 0 54.9272 0
0 0.8 0 55.3664 0
0 0.9 0 55.8078 0
0.1 0 0 16.2464 0
0.1 0.1 0 16.837 0
0.1 0.2 0 17.1329 0
0.1 0.3 0 17.3622 0
0.1 0.4 0 17.5567 0
0.1 0.5 0 17.729 0
0.1 0.6 0 17.886 0
0.1 0.7 0 18.0326 0
0.1 0.8 0 18.1718 0
0.1 0.9 0 18.3063 0
0.2 0 0 15.563 0
0.2 0.1 0 15.8906 0
0.2 0.2 0 16.0599 0
0.2 0.3 0 16.1788 0
0.2 0.4 0 16.2748 0
0.2 0.5 0 16.3585 0
0.2 0.6 0 16.4361 0
0.2 0.7 0 16.5114 0
0.2 0.8 0 16.5876 0
0.2 0.9 0 16.6671 0
0.3 0 0 15.5824 0
0.3 0.1 0 15.7236 0
0.3 0.2 0 15.8352 0
0.3 0.3 0 15.9241 0
0.3 0.4 0 16.0028 0
0.3 0.5 0 16.0759 0
0.3 0.6 0 16.1461 0
0.3 0.7 0 16.215 0
0.3 0.8 0 16.2842 0
0.3 0.9 0 16.3549 0
0.4 0 0 15.5945 0
0.4 0.1 0 15.6615 0
0.4 0.2 0 15.7437 0
0.4 0.3 0 15.8178 0
0.4 0.4 0 15.8862 0
0.4 0.5 0 15.9521 0
0.4 0.6 0 16.0166 0
0.4 0.7 0 16.0805 0
0.4 0.8 0 16.1444 0
0.4 0.9 0 16.2092 0
0.5 0 0 15.5881 0
0.5 0.1 0 15.6141 0
0.5 0.2 0 15.6807 0
0.5 0.3 0 15.7427 0
0.5 0.4 0 15.8072 0
0.5 0.5 0 15.8682 0
0.5 0.6 0 15.9283 0
0.5 0.7 0 15.9879 0
0.5 0.8 0 16.0474 0
0.5 0.9 0 16.1071 0
0.6 0 0 15.5847 0
0.6 0.1 0 15.5814 0
0.6 0.2 0 15.6365 0
0.6 0.3 0 15.6865 0
0.6 0.4 0 15.7501 0
0.6 0.5 0 15.8072 0
0.6 0.6 0 15.8641 0
0.6 0.7 0 15.9206 0
0.6 0.8 0 15.977 0
0.6 0.9 0 16.0335 0
0.7 0 0 15.5844 0
0.7 0.1 0 15.5584 0
0.7 0.2 0 15.6045 0
0.7 0.3 0 15.6478 0
0.7 0.4 0 15.7078 0
0.7 0.5 0 15.7613 0
0.7 0.6 0 15.8155 0
0.7 0.7 0 15.8698 0
0.7 0.8 0 15.9241 0
0.7 0.9 0 15.9786 0
0.8 0 0 15.5881 0
0.8 0.1 0 15.5465 0
0.8 0.2 0 15.5807 0
0.8 0.3 0 15.6268 0
0.8 0.4 0 15.6726 0
0.8 0.5 0 15.7207 0
0.8 0.6 0 15.771 0
0.8 0.7 0 15.8224 0
0.8 0.8 0 15.8743 0
0.8 0.9 0 15.9266 0
0.9 0 0 15.5976 0
0.9 0.1 0 15.5317 0
0.9 0.2 0 15.584 0
0.9 0.3 0 15.6217 0
0.9 0.4 0 15.6494 0
0.9 0.5 0 15.6884 0
0.9 0.6 0 15.7335 0
0.9 0.7 0 15.7814 0
0.9 0.8 0 15.8308 0
0.9 0.9 0 15.8811 0
